Date,High,Low,Open,Close,Volume,Adj Close
2000-01-03,7.493531227111816,7.195281028747559,7.4376091957092285,7.23256254196167,4841200.0,2.4454092979431152
2000-01-04,7.139359474182129,6.897031307220459,7.083437442779541,6.952953338623047,4847200.0,2.350870370864868
2000-01-05,7.269843578338623,7.008874893188477,7.0647969245910645,7.139359474182129,9528900.0,2.413896322250366
2000-01-06,8.052749633789062,7.325765609741211,7.363046646118164,7.903625011444092,8595800.0,2.672302484512329
2000-01-07,8.201874732971191,7.456250190734863,7.456250190734863,8.127312660217285,8239300.0,2.747934579849243
2000-01-10,7.978187561035156,7.642656326293945,7.866343975067139,7.71721887588501,6339900.0,2.609276533126831
2000-01-11,7.884984493255615,7.661296844482422,7.661296844482422,7.810421943664551,4509600.0,2.64078950881958
2000-01-12,7.829062461853027,7.5308122634887695,7.735859394073486,7.735859394073486,4478100.0,2.615579605102539
2000-01-13,7.847702980041504,7.661296844482422,7.661296844482422,7.754499912261963,3421900.0,2.6218812465667725
2000-01-14,7.810421943664551,7.605374813079834,7.810421943664551,7.754499912261963,5511400.0,2.6218812465667725
2000-01-18,7.922265529632568,7.735859394073486,7.829062461853027,7.884984493255615,4965200.0,2.6660001277923584
2000-01-19,7.996828079223633,7.829062461853027,7.847702980041504,7.95954704284668,3985500.0,2.6912102699279785
2000-01-20,7.940906047821045,7.605374813079834,7.922265529632568,7.679937362670898,6054600.0,2.596670627593994
2000-01-21,8.164593696594238,7.829062461853027,7.829062461853027,7.940906047821045,5331400.0,2.6849074363708496
2000-01-24,7.866343975067139,7.549453258514404,7.754499912261963,7.568093776702881,8331900.0,2.558856248855591
2000-01-25,7.698578357696533,7.195281028747559,7.586734294891357,7.400328159332275,5558400.0,2.5021326541900635
2000-01-26,7.661296844482422,7.1579999923706055,7.1579999923706055,7.456250190734863,8023100.0,2.5210397243499756
2000-01-27,7.679937362670898,7.23256254196167,7.679937362670898,7.269843578338623,4621200.0,2.4580140113830566
2000-01-28,7.456250190734863,7.23256254196167,7.363046646118164,7.3444061279296875,4898900.0,2.4832241535186768
2000-01-31,7.679937362670898,7.195281028747559,7.269843578338623,7.661296844482422,5180800.0,2.5903687477111816
2000-02-01,7.586734294891357,7.3444061279296875,7.586734294891357,7.363046646118164,1668000.0,2.4895265102386475
2000-02-02,7.71721887588501,7.400328159332275,7.4376091957092285,7.624015808105469,4311100.0,2.5777628421783447
2000-02-03,7.549453258514404,7.363046646118164,7.549453258514404,7.47489070892334,3947600.0,2.5273427963256836
2000-02-04,7.829062461853027,7.1579999923706055,7.829062461853027,7.307125091552734,6032800.0,2.4706199169158936
2000-02-07,7.512171745300293,7.139359474182129,7.213922023773193,7.456250190734863,5583200.0,2.5210397243499756
2000-02-08,7.605374813079834,7.269843578338623,7.5308122634887695,7.288484573364258,1634100.0,2.4643166065216064
2000-02-09,7.269843578338623,6.9156718254089355,7.213922023773193,6.971593856811523,3774300.0,2.357173204421997
2000-02-10,7.288484573364258,6.971593856811523,6.990234375,7.139359474182129,2837200.0,2.413896322250366
2000-02-11,7.1579999923706055,6.7292656898498535,7.139359474182129,6.859749794006348,3240200.0,2.319356679916382
2000-02-14,7.008874893188477,6.785187721252441,6.859749794006348,6.971593856811523,4503600.0,2.431612968444824
2000-02-15,7.213922023773193,7.027515411376953,7.027515411376953,7.139359474182129,3679700.0,2.4901275634765625
2000-02-16,7.381687641143799,7.139359474182129,7.1579999923706055,7.288484573364258,3693800.0,2.542140007019043
2000-02-17,7.418968677520752,7.046156406402588,7.363046646118164,7.2512030601501465,1962100.0,2.52913761138916
2000-02-18,7.195281028747559,6.74790620803833,7.102077960968018,6.934312343597412,2315100.0,2.418609857559204
2000-02-22,7.102077960968018,6.766546726226807,7.008874893188477,6.859749794006348,3241900.0,2.3926022052764893
2000-02-23,6.710625171661377,6.50557804107666,6.580140590667725,6.5428595542907715,4776800.0,2.282074451446533
2000-02-24,6.561500072479248,6.337812423706055,6.50557804107666,6.431015491485596,5824900.0,2.2430644035339355
2000-02-25,6.561500072479248,6.170046806335449,6.561500072479248,6.337812423706055,6611200.0,2.210556983947754
2000-02-28,6.50557804107666,6.26324987411499,6.281890392303467,6.356452941894531,4665800.0,2.2170584201812744
2000-02-29,6.50557804107666,6.319171905517578,6.393734455108643,6.4496564865112305,5210000.0,2.2495667934417725
2000-03-01,6.710625171661377,6.337812423706055,6.524218559265137,6.654703140258789,6313800.0,2.3210842609405518
2000-03-02,7.1579999923706055,6.5428595542907715,6.5428595542907715,7.027515411376953,7253600.0,2.4511170387268066
2000-03-03,7.213922023773193,6.74790620803833,7.213922023773193,6.9156718254089355,3461100.0,2.412107467651367
2000-03-06,7.008874893188477,6.803828239440918,6.934312343597412,6.897031307220459,2652400.0,2.4056060314178467
2000-03-07,7.47489070892334,6.971593856811523,7.1579999923706055,7.381687641143799,4950800.0,2.57464861869812
2000-03-08,7.735859394073486,7.307125091552734,7.3444061279296875,7.325765609741211,9734700.0,2.5551445484161377
2000-03-09,7.47489070892334,7.139359474182129,7.1579999923706055,7.400328159332275,4527700.0,2.581150531768799
2000-03-10,7.791781425476074,7.307125091552734,7.418968677520752,7.456250190734863,5997600.0,2.600654363632202
2000-03-13,7.71721887588501,7.307125091552734,7.307125091552734,7.456250190734863,5181500.0,2.600654363632202
2000-03-14,7.568093776702881,7.213922023773193,7.4376091957092285,7.363046646118164,4467000.0,2.568145990371704
2000-03-15,7.754499912261963,7.083437442779541,7.288484573364258,7.586734294891357,8573000.0,2.6461668014526367
2000-03-16,7.7731404304504395,7.335071086883545,7.418968677520752,7.735859394073486,5519100.0,2.6981801986694336
2000-03-17,7.642656326293945,7.23256254196167,7.381687641143799,7.2512030601501465,7174500.0,2.52913761138916
2000-03-20,7.325765609741211,7.1579999923706055,7.325765609741211,7.195281028747559,3382300.0,2.5096330642700195
2000-03-21,7.418968677520752,7.176640510559082,7.195281028747559,7.307125091552734,5141600.0,2.548642158508301
2000-03-22,7.307125091552734,7.083437442779541,7.139359474182129,7.139359474182129,4861300.0,2.4901275634765625
2000-03-23,7.120718955993652,6.785187721252441,7.120718955993652,6.785187721252441,15102700.0,2.366595506668091
2000-03-24,7.008874893188477,6.710625171661377,6.785187721252441,6.785187721252441,11454800.0,2.366595506668091
2000-03-27,6.952953338623047,6.654703140258789,6.74790620803833,6.934312343597412,5477600.0,2.418609857559204
2000-03-28,7.046156406402588,6.6360626220703125,6.841109275817871,6.8224687576293945,6656100.0,2.3795981407165527
2000-03-29,7.176640510559082,6.74790620803833,6.74790620803833,7.120718955993652,7336100.0,2.4836249351501465
2000-03-30,7.698578357696533,7.23256254196167,7.307125091552734,7.5308122634887695,11062800.0,2.6266610622406006
2000-03-31,7.847702980041504,7.5308122634887695,7.605374813079834,7.7731404304504395,9825300.0,2.711182117462158
2000-04-03,7.847702980041504,7.586734294891357,7.791781425476074,7.698578357696533,4258500.0,2.6851766109466553
2000-04-04,7.866343975067139,7.456250190734863,7.624015808105469,7.5308122634887695,5890600.0,2.6266610622406006
2000-04-05,7.661296844482422,7.102077960968018,7.568093776702881,7.2512030601501465,3404800.0,2.52913761138916
2000-04-06,7.512171745300293,7.2512030601501465,7.325765609741211,7.363046646118164,2653800.0,2.568145990371704
2000-04-07,7.47489070892334,7.213922023773193,7.288484573364258,7.325765609741211,4375100.0,2.5551445484161377
2000-04-10,7.2512030601501465,7.083437442779541,7.2512030601501465,7.120718955993652,3727700.0,2.4836249351501465
2000-04-11,7.325765609741211,7.120718955993652,7.120718955993652,7.23256254196167,4530000.0,2.5226356983184814
2000-04-12,7.847702980041504,7.195281028747559,7.23256254196167,7.624015808105469,7647600.0,2.6591689586639404
2000-04-13,7.847702980041504,7.400328159332275,7.679937362670898,7.512171745300293,3763900.0,2.6201589107513428
2000-04-14,7.605374813079834,7.083437442779541,7.381687641143799,7.2512030601501465,3311900.0,2.52913761138916
2000-04-17,7.512171745300293,6.971593856811523,7.456250190734863,7.046156406402588,3688100.0,2.457618236541748
2000-04-18,7.23256254196167,7.027515411376953,7.046156406402588,7.139359474182129,4194400.0,2.4901275634765625
2000-04-19,7.642656326293945,7.176640510559082,7.213922023773193,7.586734294891357,4539100.0,2.6461668014526367
2000-04-20,7.307125091552734,6.934312343597412,7.120718955993652,7.0647969245910645,7029300.0,2.464120626449585
2000-04-24,7.23256254196167,6.952953338623047,7.120718955993652,7.046156406402588,3789400.0,2.457618236541748
2000-04-25,7.269843578338623,7.008874893188477,7.046156406402588,7.269843578338623,5287100.0,2.5356385707855225
2000-04-26,7.307125091552734,7.139359474182129,7.1579999923706055,7.176640510559082,2484400.0,2.5031301975250244
2000-04-27,7.400328159332275,7.102077960968018,7.1579999923706055,7.23256254196167,3641500.0,2.5226356983184814
2000-04-28,7.2512030601501465,6.934312343597412,7.195281028747559,6.934312343597412,5672000.0,2.418609857559204
2000-05-01,7.102077960968018,6.878390789031982,6.878390789031982,6.897031307220459,4760700.0,2.4056060314178467
2000-05-02,7.176640510559082,6.934312343597412,6.952953338623047,7.120718955993652,5610000.0,2.4836249351501465
2000-05-03,7.083437442779541,6.803828239440918,7.083437442779541,6.859749794006348,4855900.0,2.3926022052764893
2000-05-04,7.046156406402588,6.878390789031982,6.9156718254089355,6.952953338623047,2772800.0,2.4251110553741455
2000-05-05,7.213922023773193,6.990234375,7.008874893188477,7.0647969245910645,6798600.0,2.464120626449585
2000-05-08,7.3444061279296875,7.083437442779541,7.083437442779541,7.195281028747559,5567800.0,2.5096330642700195
2000-05-09,7.288484573364258,7.027515411376953,7.288484573364258,7.046156406402588,4356400.0,2.457618236541748
2000-05-10,7.0647969245910645,6.934312343597412,7.046156406402588,6.971593856811523,7675400.0,2.431612968444824
2000-05-11,7.5308122634887695,7.102077960968018,7.120718955993652,7.381687641143799,7728000.0,2.57464861869812
2000-05-12,7.512171745300293,7.23256254196167,7.363046646118164,7.456250190734863,6482400.0,2.600654363632202
2000-05-15,7.735859394073486,7.325765609741211,7.4376091957092285,7.642656326293945,4442900.0,2.7429239749908447
2000-05-16,7.829062461853027,7.325765609741211,7.791781425476074,7.47489070892334,3948700.0,2.682713270187378
2000-05-17,7.735859394073486,7.400328159332275,7.418968677520752,7.71721887588501,7357500.0,2.769683599472046
2000-05-18,7.903625011444092,7.549453258514404,7.71721887588501,7.568093776702881,4682600.0,2.7161643505096436
2000-05-19,7.679937362670898,7.4376091957092285,7.4376091957092285,7.568093776702881,4865000.0,2.7161643505096436
2000-05-22,7.661296844482422,7.418968677520752,7.642656326293945,7.47489070892334,5069200.0,2.682713270187378
2000-05-23,7.549453258514404,7.307125091552734,7.5308122634887695,7.47489070892334,4145500.0,2.682713270187378
2000-05-24,7.624015808105469,7.456250190734863,7.549453258514404,7.5308122634887695,5665700.0,2.70278263092041
2000-05-25,7.47489070892334,7.23256254196167,7.400328159332275,7.325765609741211,5445700.0,2.6291940212249756
2000-05-26,7.754499912261963,7.325765609741211,7.325765609741211,7.71721887588501,8315500.0,2.769683599472046
2000-05-30,7.698578357696533,7.512171745300293,7.642656326293945,7.679937362670898,4991100.0,2.7563040256500244
2000-05-31,8.29507827758789,7.754499912261963,7.754499912261963,8.108672142028809,6716500.0,2.910175085067749
2000-06-01,8.145953178405762,7.791781425476074,8.01546859741211,8.090031623840332,8364700.0,2.903485059738159
2000-06-02,8.183234214782715,7.7731404304504395,8.164593696594238,7.847702980041504,3540900.0,2.8165132999420166
2000-06-05,7.996828079223633,7.418968677520752,7.829062461853027,7.71721887588501,3034000.0,2.769683599472046
2000-06-06,8.071390151977539,7.754499912261963,7.7731404304504395,7.98749303817749,4034800.0,2.8666839599609375
2000-06-07,8.01546859741211,7.754499912261963,8.01546859741211,7.829062461853027,2846200.0,2.809824228286743
2000-06-08,8.071390151977539,7.866343975067139,7.866343975067139,8.034109115600586,2699000.0,2.8834147453308105
2000-06-09,8.108672142028809,7.903625011444092,8.108672142028809,7.940906047821045,1610700.0,2.8499643802642822
2000-06-12,8.425562858581543,8.034109115600586,8.034109115600586,8.313718795776367,4191400.0,2.983766555786133
2000-06-13,8.369640350341797,8.239156723022461,8.35099983215332,8.276437759399414,2959500.0,2.970386028289795
2000-06-14,8.705171585083008,8.276437759399414,8.276437759399414,8.50012493133545,9657600.0,3.0506668090820312
2000-06-15,8.50012493133545,7.996828079223633,8.50012493133545,8.052749633789062,7256600.0,2.890103816986084
2000-06-16,8.50012493133545,8.052749633789062,8.052749633789062,8.35099983215332,5917100.0,2.9971461296081543
2000-06-19,8.388280868530273,8.071390151977539,8.313718795776367,8.108672142028809,4022700.0,2.910175085067749
2000-06-20,8.183234214782715,7.996828079223633,8.127312660217285,8.108672142028809,3984500.0,2.910175085067749
2000-06-21,8.388280868530273,8.01546859741211,8.164593696594238,8.239156723022461,3396400.0,2.957005500793457
2000-06-22,8.276437759399414,8.01546859741211,8.276437759399414,8.108672142028809,4510900.0,2.910175085067749
2000-06-23,8.29507827758789,8.01546859741211,8.034109115600586,8.108672142028809,1768900.0,2.910175085067749
2000-06-26,8.257797241210938,7.940906047821045,8.052749633789062,8.034109115600586,2995100.0,2.8834147453308105
2000-06-27,7.978187561035156,7.829062461853027,7.95954704284668,7.884984493255615,3383400.0,2.8298943042755127
2000-06-28,7.95954704284668,7.71721887588501,7.847702980041504,7.819727420806885,3256600.0,2.806474208831787
2000-06-29,8.052749633789062,7.642656326293945,7.810421943664551,7.922265529632568,2392600.0,2.843273878097534
2000-06-30,7.978187561035156,7.470208168029785,7.847702980041504,7.47489070892334,5288800.0,2.682713270187378
2000-07-03,7.679937362670898,7.568093776702881,7.605374813079834,7.679937362670898,1410800.0,2.7563040256500244
2000-07-05,7.754499912261963,7.288484573364258,7.754499912261963,7.307125091552734,4889100.0,2.6225028038024902
2000-07-06,7.512171745300293,7.307125091552734,7.4376091957092285,7.325765609741211,4133700.0,2.6291940212249756
2000-07-07,7.47489070892334,7.3444061279296875,7.363046646118164,7.3444061279296875,4101900.0,2.635882616043091
2000-07-10,7.642656326293945,7.418968677520752,7.4376091957092285,7.5308122634887695,2253400.0,2.70278263092041
2000-07-11,7.866343975067139,7.549453258514404,7.605374813079834,7.754499912261963,3825300.0,2.7830634117126465
2000-07-12,7.791781425476074,7.512171745300293,7.754499912261963,7.586734294891357,2675900.0,2.722852945327759
2000-07-13,7.624015808105469,7.418968677520752,7.549453258514404,7.549453258514404,2846600.0,2.7094740867614746
2000-07-14,7.679937362670898,7.512171745300293,7.605374813079834,7.679937362670898,2953200.0,2.7563040256500244
2000-07-17,7.7731404304504395,7.568093776702881,7.754499912261963,7.586734294891357,3226400.0,2.722852945327759
2000-07-18,7.810421943664551,7.549453258514404,7.586734294891357,7.624015808105469,2150200.0,2.7362332344055176
2000-07-19,7.754499912261963,7.549453258514404,7.679937362670898,7.624015808105469,2360400.0,2.7362332344055176
2000-07-20,7.71721887588501,7.512171745300293,7.586734294891357,7.586734294891357,3027600.0,2.722852945327759
2000-07-21,7.903625011444092,7.325765609741211,7.829062461853027,7.325765609741211,3146300.0,2.6291940212249756
2000-07-24,7.400328159332275,7.0647969245910645,7.3444061279296875,7.1579999923706055,6634000.0,2.568981885910034
2000-07-25,7.288484573364258,7.083437442779541,7.23256254196167,7.102077960968018,3310600.0,2.548912525177002
2000-07-26,7.269843578338623,7.008874893188477,7.176640510559082,7.0647969245910645,4570300.0,2.535531520843506
2000-07-27,7.4376091957092285,7.120718955993652,7.139359474182129,7.381687641143799,6332200.0,2.6492631435394287
2000-07-28,7.586734294891357,7.269843578338623,7.456250190734863,7.325765609741211,3996900.0,2.6291940212249756
2000-07-31,7.418968677520752,7.195281028747559,7.3444061279296875,7.288484573364258,3864800.0,2.6158132553100586
2000-08-01,7.363046646118164,7.213922023773193,7.213922023773193,7.307125091552734,2779500.0,2.6225028038024902
2000-08-02,7.568093776702881,7.307125091552734,7.307125091552734,7.493531227111816,5341100.0,2.6894044876098633
2000-08-03,7.810421943664551,7.624015808105469,7.810421943664551,7.679937362670898,5565400.0,2.7563040256500244
2000-08-04,7.71721887588501,7.512171745300293,7.624015808105469,7.698578357696533,3180800.0,2.7629940509796143
2000-08-07,7.735859394073486,7.605374813079834,7.624015808105469,7.703230857849121,4768100.0,2.7646634578704834
2000-08-08,7.735859394073486,7.549453258514404,7.71721887588501,7.624015808105469,1741400.0,2.7362332344055176
2000-08-09,7.866343975067139,7.679937362670898,7.735859394073486,7.7731404304504395,2943800.0,2.7897539138793945
2000-08-10,7.978187561035156,7.791781425476074,7.847702980041504,7.964199542999268,2910600.0,2.858325242996216
2000-08-11,7.922265529632568,7.829062461853027,7.829062461853027,7.884984493255615,1815500.0,2.8298943042755127
2000-08-14,7.922265529632568,7.791781425476074,7.866343975067139,7.922265529632568,2261500.0,2.9287025928497314
2000-08-15,8.034109115600586,7.884984493255615,7.978187561035156,7.922265529632568,1936900.0,2.9287025928497314
2000-08-16,8.090031623840332,7.940906047821045,8.034109115600586,8.090031623840332,2646400.0,2.990722417831421
2000-08-17,8.35099983215332,7.922265529632568,7.922265529632568,8.257797241210938,2816400.0,3.052741527557373
2000-08-18,8.257797241210938,8.01546859741211,8.239156723022461,8.169246673583984,2930000.0,3.0200071334838867
2000-08-21,8.183234214782715,8.052749633789062,8.071390151977539,8.127312660217285,1172100.0,3.004505157470703
2000-08-22,8.257797241210938,8.071390151977539,8.071390151977539,8.239156723022461,2186000.0,3.045851707458496
2000-08-23,8.556046485900879,8.276437759399414,8.313718795776367,8.369640350341797,4946100.0,3.0940890312194824
2000-08-24,8.29507827758789,7.940906047821045,8.276437759399414,7.95954704284668,6145800.0,2.9424848556518555
2000-08-25,8.145953178405762,7.978187561035156,8.052749633789062,8.127312660217285,2631600.0,3.004505157470703
2000-08-28,8.145953178405762,8.01546859741211,8.071390151977539,8.01546859741211,2532400.0,2.963158130645752
2000-08-29,8.276437759399414,8.01546859741211,8.034109115600586,8.262449264526367,3534900.0,3.054462194442749
2000-08-30,8.239156723022461,8.071390151977539,8.220515251159668,8.141270637512207,3224800.0,3.00966477394104
2000-08-31,8.276437759399414,8.127312660217285,8.164593696594238,8.17855167388916,3521500.0,3.0234477519989014
2000-09-01,8.35099983215332,8.164593696594238,8.164593696594238,8.220515251159668,3155400.0,3.038958787918091
2000-09-05,8.406922340393066,8.257797241210938,8.29507827758789,8.327676773071289,2946100.0,3.078575611114502
2000-09-06,8.630609512329102,8.388280868530273,8.462843894958496,8.556046485900879,3638800.0,3.1629996299743652
2000-09-07,8.518765449523926,8.44420337677002,8.50012493133545,8.462843894958496,3198600.0,3.1285440921783447
2000-09-08,8.481484413146973,8.276437759399414,8.481484413146973,8.462843894958496,4504200.0,3.1285440921783447
2000-09-11,8.761094093322754,8.50012493133545,8.537405967712402,8.7144775390625,4297400.0,3.2215664386749268
2000-09-12,8.761094093322754,8.537405967712402,8.649250030517578,8.630609512329102,2854900.0,3.1905624866485596
2000-09-13,8.611968994140625,8.369640350341797,8.611968994140625,8.406922340393066,1984200.0,3.1078710556030273
2000-09-14,8.481484413146973,8.239156723022461,8.44420337677002,8.369640350341797,2341600.0,3.0940890312194824
2000-09-15,8.83565616607666,8.481484413146973,8.481484413146973,8.686531066894531,7299200.0,3.2112367153167725
2000-09-18,8.798375129699707,8.593328475952148,8.761094093322754,8.6725435256958,4649100.0,3.2060658931732178
2000-09-19,8.630609512329102,8.406922340393066,8.537405967712402,8.425562858581543,2914600.0,3.1147613525390625
2000-09-20,8.742453575134277,8.425562858581543,8.649250030517578,8.462843894958496,4664800.0,3.1285440921783447
2000-09-21,8.462843894958496,8.164593696594238,8.462843894958496,8.29507827758789,3493000.0,3.066524028778076
2000-09-22,8.374293327331543,8.01546859741211,8.29507827758789,8.085349082946777,2397300.0,2.9889917373657227
2000-09-25,7.996828079223633,7.7731404304504395,7.903625011444092,7.922265529632568,3744100.0,2.9287025928497314
2000-09-26,8.201874732971191,7.95954704284668,7.95954704284668,8.183234214782715,2820700.0,3.025178909301758
2000-09-27,8.44420337677002,8.145953178405762,8.257797241210938,8.425562858581543,3135900.0,3.1147613525390625
2000-09-28,8.50012493133545,8.220515251159668,8.425562858581543,8.430214881896973,3875600.0,3.116481304168701
2000-09-29,8.649250030517578,8.462843894958496,8.50012493133545,8.462843894958496,4846900.0,3.1285440921783447
2000-10-02,8.761094093322754,8.537405967712402,8.649250030517578,8.667890548706055,3630100.0,3.204345941543579
2000-10-03,8.705171585083008,8.537405967712402,8.705171585083008,8.593328475952148,3813900.0,3.176781177520752
2000-10-04,8.574687957763672,8.332359313964844,8.518765449523926,8.35099983215332,2191700.0,3.0871970653533936
2000-10-05,8.388280868530273,8.145953178405762,8.369640350341797,8.257797241210938,3450400.0,3.052741527557373
2000-10-06,8.462843894958496,8.127312660217285,8.239156723022461,8.145953178405762,2506200.0,3.011396646499634
2000-10-09,8.481484413146973,8.164593696594238,8.201874732971191,8.462843894958496,3066500.0,3.1285440921783447
2000-10-10,8.854296684265137,8.481484413146973,8.481484413146973,8.686531066894531,3307900.0,3.2112367153167725
2000-10-11,8.89157772064209,8.537405967712402,8.649250030517578,8.649250030517578,4904200.0,3.1974546909332275
2000-10-12,9.059343338012695,8.723812103271484,8.723812103271484,8.89157772064209,5433300.0,3.2870383262634277
2000-10-13,8.798375129699707,8.50012493133545,8.798375129699707,8.537405967712402,5136200.0,3.1561086177825928
2000-10-16,8.611968994140625,8.406922340393066,8.593328475952148,8.518765449523926,3761900.0,3.1492185592651367
2000-10-17,8.611968994140625,8.462843894958496,8.593328475952148,8.50012493133545,3480600.0,3.142326593399048
2000-10-18,8.611968994140625,8.145953178405762,8.518765449523926,8.201874732971191,3182900.0,3.0320699214935303
2000-10-19,8.388280868530273,8.071390151977539,8.145953178405762,8.29507827758789,3560700.0,3.066524028778076
2000-10-20,8.518765449523926,8.29507827758789,8.35099983215332,8.481484413146973,2561200.0,3.135434865951538
2000-10-23,8.462843894958496,8.127312660217285,8.425562858581543,8.257797241210938,3639200.0,3.052741527557373
2000-10-24,8.257797241210938,8.034109115600586,8.052749633789062,8.108672142028809,4996800.0,2.9976134300231934
2000-10-25,8.183234214782715,7.884984493255615,8.183234214782715,7.884984493255615,4749000.0,2.9149208068847656
2000-10-26,8.071390151977539,7.940906047821045,7.95954704284668,7.940906047821045,4162600.0,2.935594320297241
2000-10-27,7.978187561035156,7.735859394073486,7.940906047821045,7.829062461853027,4270900.0,2.8942480087280273
2000-10-30,8.164593696594238,7.866343975067139,7.940906047821045,8.090031623840332,4552200.0,2.990722417831421
2000-10-31,8.239156723022461,8.052749633789062,8.201874732971191,8.108672142028809,3593900.0,2.9976134300231934
2000-11-01,8.406922340393066,8.108672142028809,8.108672142028809,8.388280868530273,3194600.0,3.100979804992676
2000-11-02,8.369640350341797,8.127312660217285,8.332359313964844,8.201874732971191,3879900.0,3.0320699214935303
2000-11-03,8.257797241210938,8.01546859741211,8.01546859741211,8.201874732971191,3558400.0,3.0320699214935303
2000-11-06,8.220515251159668,8.052749633789062,8.220515251159668,8.127312660217285,2734600.0,3.004505157470703
2000-11-07,8.239156723022461,8.090031623840332,8.183234214782715,8.145953178405762,2651400.0,3.011396646499634
2000-11-08,8.239156723022461,8.01546859741211,8.127312660217285,8.052749633789062,4264200.0,2.9769392013549805
2000-11-09,8.164593696594238,7.847702980041504,7.978187561035156,7.922265529632568,5117800.0,2.9287025928497314
2000-11-10,8.257797241210938,7.996828079223633,7.996828079223633,8.108672142028809,3530500.0,2.9976134300231934
2000-11-13,8.29507827758789,8.071390151977539,8.183234214782715,8.071390151977539,3054400.0,2.9838316440582275
2000-11-14,8.257797241210938,8.01546859741211,8.127312660217285,8.145953178405762,3626800.0,3.099724292755127
2000-11-15,8.35099983215332,8.145953178405762,8.145953178405762,8.201874732971191,5445700.0,3.121004343032837
2000-11-16,8.29507827758789,8.164593696594238,8.239156723022461,8.276437759399414,2641400.0,3.1493780612945557
2000-11-17,8.313718795776367,8.127312660217285,8.276437759399414,8.276437759399414,3034300.0,3.1493780612945557
2000-11-20,8.406922340393066,8.220515251159668,8.332359313964844,8.239156723022461,3558000.0,3.1351912021636963
2000-11-21,8.44420337677002,8.220515251159668,8.239156723022461,8.313718795776367,3892300.0,3.163564443588257
2000-11-22,8.332359313964844,8.220515251159668,8.276437759399414,8.332359313964844,4816700.0,3.1706557273864746
2000-11-24,8.369640350341797,8.313718795776367,8.332359313964844,8.332359313964844,1344100.0,3.1706557273864746
2000-11-27,8.425562858581543,8.276437759399414,8.332359313964844,8.406922340393066,4458300.0,3.1990292072296143
2000-11-28,8.537405967712402,8.220515251159668,8.239156723022461,8.481484413146973,6569900.0,3.2274014949798584
2000-11-29,8.481484413146973,8.108672142028809,8.425562858581543,8.201874732971191,4850600.0,3.121004343032837
2000-11-30,8.201874732971191,7.754499912261963,8.090031623840332,7.866343975067139,11455400.0,2.9933278560638428
2000-12-01,8.611968994140625,8.034109115600586,8.611968994140625,8.052749633789062,10925300.0,3.064258337020874
2000-12-04,8.220515251159668,8.01546859741211,8.127312660217285,8.01546859741211,5225800.0,3.050072193145752
2000-12-05,8.127312660217285,7.940906047821045,8.01546859741211,7.95954704284668,4841500.0,3.0287926197052
2000-12-06,8.052749633789062,7.884984493255615,7.996828079223633,7.95954704284668,5084600.0,3.0287926197052
2000-12-07,8.071390151977539,7.922265529632568,7.978187561035156,7.95954704284668,3672700.0,3.0287926197052
2000-12-08,7.940906047821045,7.810421943664551,7.884984493255615,7.884984493255615,3842000.0,3.0004196166992188
2000-12-11,7.996828079223633,7.791781425476074,7.866343975067139,7.810421943664551,5034300.0,2.9720466136932373
2000-12-12,7.95954704284668,7.829062461853027,7.884984493255615,7.866343975067139,4694300.0,2.9933278560638428
2000-12-13,7.95954704284668,7.847702980041504,7.903625011444092,7.866343975067139,5622100.0,2.9933278560638428
2000-12-14,7.884984493255615,7.549453258514404,7.829062461853027,7.586734294891357,4326900.0,2.8869283199310303
2000-12-15,7.810421943664551,7.5308122634887695,7.5308122634887695,7.71721887588501,4790600.0,2.9365806579589844
2000-12-18,7.903625011444092,7.661296844482422,7.661296844482422,7.847702980041504,3526500.0,2.9862334728240967
2000-12-19,8.071390151977539,7.884984493255615,7.884984493255615,7.95954704284668,5909400.0,3.0287926197052
2000-12-20,8.052749633789062,7.735859394073486,8.034109115600586,7.791781425476074,4863700.0,2.964954376220703
2000-12-21,8.01546859741211,7.791781425476074,7.791781425476074,7.95954704284668,2756400.0,3.0287926197052
2000-12-22,8.090031623840332,7.903625011444092,7.95954704284668,8.071390151977539,4953800.0,3.0713517665863037
2000-12-26,8.332359313964844,8.108672142028809,8.127312660217285,8.332359313964844,5176800.0,3.1706557273864746
2000-12-27,8.518765449523926,8.29507827758789,8.35099983215332,8.481484413146973,7220400.0,3.2274014949798584
2000-12-28,8.630609512329102,8.406922340393066,8.50012493133545,8.574687957763672,3940600.0,3.2628684043884277
2000-12-29,8.667890548706055,8.239156723022461,8.462843894958496,8.276437759399414,4665500.0,3.1493780612945557
2001-01-02,8.556046485900879,8.313718795776367,8.462843894958496,8.332359313964844,7162700.0,3.1706557273864746
2001-01-03,8.406922340393066,8.145953178405762,8.332359313964844,8.145953178405762,6248700.0,3.099724292755127
2001-01-04,8.276437759399414,8.052749633789062,8.090031623840332,8.183234214782715,5508100.0,3.1139118671417236
2001-01-05,8.593328475952148,8.145953178405762,8.145953178405762,8.425562858581543,4879400.0,3.206122398376465
2001-01-08,8.630609512329102,8.29507827758789,8.44420337677002,8.332359313964844,4957900.0,3.1706557273864746
2001-01-09,8.481484413146973,8.164593696594238,8.462843894958496,8.220515251159668,5436300.0,3.128098249435425
2001-01-10,8.276437759399414,8.127312660217285,8.257797241210938,8.201874732971191,3702900.0,3.121004343032837
2001-01-11,8.29507827758789,8.145953178405762,8.201874732971191,8.183234214782715,6098200.0,3.1139118671417236
2001-01-12,8.313718795776367,8.108672142028809,8.239156723022461,8.257797241210938,4099900.0,3.1422839164733887
2001-01-16,8.388280868530273,8.201874732971191,8.201874732971191,8.35099983215332,3571800.0,3.177748203277588
2001-01-17,8.406922340393066,8.164593696594238,8.406922340393066,8.183234214782715,2936400.0,3.1139118671417236
2001-01-18,8.183234214782715,7.95954704284668,8.090031623840332,7.996828079223633,2611500.0,3.0429790019989014
2001-01-19,8.108672142028809,7.922265529632568,7.922265529632568,8.052749633789062,2677900.0,3.064258337020874
2001-01-22,8.127312660217285,8.01546859741211,8.01546859741211,8.052749633789062,2960600.0,3.064258337020874
2001-01-23,8.239156723022461,8.071390151977539,8.071390151977539,8.201874732971191,3364600.0,3.121004343032837
2001-01-24,8.29507827758789,8.090031623840332,8.201874732971191,8.145953178405762,3044700.0,3.099724292755127
2001-01-25,8.239156723022461,7.866343975067139,7.903625011444092,8.164593696594238,9816500.0,3.1068179607391357
2001-01-26,8.220515251159668,7.996828079223633,8.183234214782715,8.108672142028809,5548300.0,3.085537910461426
2001-01-29,8.201874732971191,8.082574844360352,8.1690673828125,8.189945220947266,4629000.0,3.1164658069610596
2001-01-30,8.127312660217285,7.978187561035156,8.115382194519043,8.058714866638184,3234800.0,3.0665283203125
2001-01-31,8.431527137756348,8.08555793762207,8.425562858581543,8.160120010375977,4137400.0,3.1051154136657715
2001-02-01,8.127312660217285,7.948362350463867,7.951344966888428,8.052749633789062,3044400.0,3.064258337020874
2001-02-02,8.234682083129883,8.163102149963379,8.186962127685547,8.23169994354248,3090000.0,3.132352590560913
2001-02-05,8.455387115478516,8.276437759399414,8.35099983215332,8.342052459716797,4508900.0,3.174344539642334
2001-02-06,8.515037536621094,8.291350364685059,8.416614532470703,8.461352348327637,4254100.0,3.2197418212890625
2001-02-07,8.518019676208496,8.371877670288086,8.47029972076416,8.428544998168945,3059100.0,3.2072579860687256
2001-02-08,8.503107070922852,8.35099983215332,8.410650253295898,8.422579765319824,5419200.0,3.2049875259399414
2001-02-09,8.643284797668457,8.336087226867676,8.336087226867676,8.571704864501953,3398800.0,3.261733055114746
2001-02-12,8.679075241088867,8.550827026367188,8.589599609375,8.634337425231934,3445400.0,3.285566568374634
2001-02-13,8.634337425231934,8.35099983215332,8.35099983215332,8.50012493133545,5735400.0,3.2344958782196045
2001-02-14,8.720829963684082,8.494159698486328,8.50012493133545,8.565739631652832,3621400.0,3.259462356567383
2001-02-15,8.515037536621094,8.365912437438965,8.485212326049805,8.50012493133545,3689800.0,3.2344958782196045
2001-02-16,8.556792259216309,8.336087226867676,8.431527137756348,8.401702880859375,4442900.0,3.285956621170044
2001-02-20,8.649250030517578,8.383807182312012,8.649250030517578,8.44345760345459,3930500.0,3.3022878170013428
2001-02-21,8.523984909057617,8.276437759399414,8.47029972076416,8.35099983215332,3428300.0,3.2661244869232178
2001-02-22,8.440475463867188,8.303279876708984,8.410650253295898,8.327139854431152,3837700.0,3.2567946910858154
2001-02-23,8.410650253295898,8.178014755249023,8.306262969970703,8.306262969970703,4014000.0,3.2486302852630615
2001-02-26,8.404685020446777,8.285385131835938,8.306262969970703,8.339070320129395,5146000.0,3.2614598274230957
2001-02-27,8.392754554748535,8.26152515411377,8.339070320129395,8.318192481994629,4421100.0,3.2532958984375
2001-02-28,8.35099983215332,8.189945220947266,8.35099983215332,8.237665176391602,3562700.0,3.221799850463867
2001-03-01,8.336087226867676,8.22573471069336,8.26749038696289,8.23169994354248,6033500.0,3.219466209411621
2001-03-02,8.38082504272461,8.172050476074219,8.172050476074219,8.362930297851562,6813400.0,3.2707927227020264
2001-03-05,8.50012493133545,8.428544998168945,8.485212326049805,8.491177558898926,4832100.0,3.320950984954834
2001-03-06,8.56275749206543,8.434510231018066,8.461352348327637,8.550827026367188,4250700.0,3.344277858734131
2001-03-07,8.798375129699707,8.559775352478027,8.589599609375,8.777497291564941,5680400.0,3.4329311847686768
2001-03-08,8.813287734985352,8.65223217010498,8.798375129699707,8.810304641723633,4043200.0,3.4457626342773438
2001-03-09,8.828200340270996,8.691004753112793,8.792409896850586,8.753637313842773,3689500.0,3.4235994815826416
2001-03-12,8.944517135620117,8.583635330200195,8.944517135620117,8.640302658081055,5023600.0,3.379274368286133
2001-03-13,8.649250030517578,8.404685020446777,8.649250030517578,8.488195419311523,4003000.0,3.3197827339172363
2001-03-14,8.544862747192383,8.368894577026367,8.529950141906738,8.416614532470703,4198800.0,3.291788339614868
2001-03-15,8.50012493133545,8.216787338256836,8.416614532470703,8.28836727142334,4030800.0,3.2416305541992188
2001-03-16,8.35099983215332,8.219770431518555,8.309245109558105,8.264507293701172,5464800.0,3.232299327850342
2001-03-19,8.574687957763672,8.35099983215332,8.574687957763672,8.428544998168945,7082600.0,3.296454668045044
2001-03-20,8.538897514343262,8.428544998168945,8.44345760345459,8.47029972076416,5714300.0,3.31278395652771
2001-03-21,8.410650253295898,8.052749633789062,8.35099983215332,8.201874732971191,6794600.0,3.2078027725219727
2001-03-22,8.037837028503418,7.71572732925415,7.933450222015381,7.876782417297363,8590400.0,3.0806567668914795
2001-03-23,7.957310199737549,7.7097625732421875,7.876782417297363,7.903625011444092,8032100.0,3.0911552906036377
2001-03-26,8.052749633789062,7.909589767456055,7.948362350463867,7.98713493347168,4971300.0,3.12381649017334
2001-03-27,8.103452682495117,7.918537616729736,8.052749633789062,8.052749633789062,6440500.0,3.14947772026062
2001-03-28,8.052749633789062,7.933450222015381,8.037837028503418,7.993100166320801,3281800.0,3.1261491775512695
2001-03-29,8.008012771606445,7.843975067138672,7.933450222015381,7.957310199737549,3448400.0,3.112151622772217
2001-03-30,8.11240005493164,7.939414978027344,7.951344966888428,8.037837028503418,4439500.0,3.143643856048584
2001-04-02,8.082574844360352,7.903625011444092,7.996082305908203,7.957310199737549,3523200.0,3.112151622772217
2001-04-03,7.984152317047119,7.8230977058410645,7.882747650146484,7.861869812011719,3843700.0,3.074824333190918
2001-04-04,8.07959270477295,7.829062461853027,7.843975067138672,7.966257572174072,4502500.0,3.1156504154205322
2001-04-05,8.26152515411377,7.957310199737549,8.02292537689209,8.243630409240723,5510400.0,3.224133014678955
2001-04-06,8.321174621582031,8.124329566955566,8.23169994354248,8.28836727142334,4247700.0,3.2416305541992188
2001-04-09,8.491177558898926,8.327139854431152,8.327139854431152,8.482230186462402,2947500.0,3.3174502849578857
2001-04-10,8.6552152633667,8.529950141906738,8.559775352478027,8.589599609375,5232800.0,3.3594448566436768
2001-04-11,8.574687957763672,8.395737648010254,8.574687957763672,8.455387115478516,4219900.0,3.306953191757202
2001-04-12,8.723812103271484,8.455387115478516,8.455387115478516,8.667144775390625,8501900.0,3.3897716999053955
2001-04-16,8.911709785461426,8.550827026367188,8.550827026367188,8.881884574890137,3754200.0,3.4737589359283447
2001-04-17,8.96241283416748,8.783462524414062,8.783462524414062,8.923640251159668,5297200.0,3.490089178085327
2001-04-18,9.042940139770508,8.747672080993652,8.92662239074707,8.825217247009277,5761900.0,3.451594591140747
2001-04-19,8.828200340270996,8.622407913208008,8.768549919128418,8.68802261352539,4385200.0,3.3979382514953613
2001-04-20,8.929604530334473,8.68802261352539,8.68802261352539,8.858024597167969,5811500.0,3.464425563812256
2001-04-23,9.35610294342041,9.010132789611816,9.096625328063965,9.35610294342041,14923700.0,3.6592283248901367
2001-04-24,9.67821216583252,9.43961238861084,9.67821216583252,9.526104927062988,19969100.0,3.7257156372070312
2001-04-25,9.546982765197754,9.391892433166504,9.543999671936035,9.499262809753418,10119600.0,3.715219020843506
2001-04-26,9.567859649658203,9.463472366333008,9.484350204467773,9.463472366333008,9224400.0,3.7012202739715576
2001-04-27,9.505227088928223,9.38294506072998,9.484350204467773,9.424699783325195,4922300.0,3.6860554218292236
2001-04-30,9.573824882507324,9.43961238861084,9.499262809753418,9.53207015991211,5798400.0,3.728050708770752
2001-05-01,9.52908706665039,9.353119850158691,9.52908706665039,9.43961238861084,4576300.0,3.6918892860412598
2001-05-02,9.415752410888672,8.947500228881836,9.22785472869873,9.022062301635742,7742400.0,3.5285799503326416
2001-05-03,8.995220184326172,8.774515151977539,8.992237091064453,8.986272811889648,4055600.0,3.51458477973938
2001-05-04,9.16522216796875,8.96241283416748,8.96241283416748,9.153292655944824,3247600.0,3.579906702041626
2001-05-07,9.251714706420898,9.087677955627441,9.245750427246094,9.239785194396973,2948100.0,3.613734245300293
2001-05-08,9.350137710571289,9.183117866516113,9.23083782196045,9.266627311706543,3746100.0,3.6242337226867676
2001-05-09,9.517157554626465,9.245750427246094,9.245750427246094,9.517157554626465,4791200.0,3.7222163677215576
2001-05-10,9.573824882507324,9.445577621459961,9.543999671936035,9.505227088928223,3273400.0,3.7175521850585938
2001-05-11,9.514175415039062,9.454524993896484,9.499262809753418,9.487332344055176,4312100.0,3.7105538845062256
2001-05-14,9.642422676086426,9.50224494934082,9.543999671936035,9.636457443237305,4392200.0,3.8625147342681885
2001-05-15,9.827337265014648,9.696107864379883,9.827337265014648,9.743827819824219,4699400.0,3.905550003051758
2001-05-16,9.934707641601562,9.734880447387695,9.743827819824219,9.934707641601562,6599100.0,3.982060670852661
2001-05-17,9.901900291442871,9.782600402832031,9.86014461517334,9.83330249786377,5466200.0,3.9414167404174805
2001-05-18,9.979445457458496,9.8064603805542,9.827337265014648,9.955584526062012,5852400.0,3.990427255630493
2001-05-21,10.024182319641113,9.815407752990723,9.976462364196777,9.973480224609375,4527700.0,3.997600555419922
2001-05-22,10.059972763061523,9.80347728729248,10.059972763061523,9.821372032165527,3656600.0,3.936631679534912
2001-05-23,9.800495147705078,9.603650093078613,9.800495147705078,9.633475303649902,3643200.0,3.8613200187683105
2001-05-24,9.782600402832031,9.573824882507324,9.588737487792969,9.761722564697266,3659000.0,3.9127233028411865
2001-05-25,9.812424659729004,9.627510070800781,9.812424659729004,9.654352188110352,2920700.0,3.8696868419647217
2001-05-29,9.743827819824219,9.654352188110352,9.693124771118164,9.681195259094238,3329000.0,3.8804471492767334
2001-05-30,9.711020469665527,9.543999671936035,9.708037376403809,9.618562698364258,4072000.0,3.855342149734497
2001-05-31,9.663299560546875,9.543999671936035,9.618562698364258,9.648387908935547,4977700.0,3.8672983646392822
2001-06-01,9.690142631530762,9.552947044372559,9.67821216583252,9.588737487792969,3159400.0,3.843388080596924
2001-06-04,9.767687797546387,9.639439582824707,9.663299560546875,9.758740425109863,4052300.0,3.911527633666992
2001-06-05,9.901900291442871,9.675230026245117,9.755757331848145,9.866109848022461,2645000.0,3.9545645713806152
2001-06-06,9.767687797546387,9.517157554626465,9.767687797546387,9.526104927062988,7041000.0,3.818281888961792
2001-06-07,9.585755348205566,9.436630249023438,9.573824882507324,9.451542854309082,6516600.0,3.788396120071411
2001-06-08,9.5648775100708,9.38294506072998,9.499262809753418,9.535052299499512,2541100.0,3.8218698501586914
2001-06-11,9.630492210388184,9.508210182189941,9.543999671936035,9.52908706665039,3775300.0,3.819478988647461
2001-06-12,9.633475303649902,9.526104927062988,9.535052299499512,9.62154483795166,2896800.0,3.856536865234375
2001-06-13,9.705055236816406,9.484350204467773,9.603650093078613,9.499262809753418,4314100.0,3.807523488998413
2001-06-14,9.469437599182129,9.368032455444336,9.454524993896484,9.403822898864746,2289300.0,3.769270658493042
2001-06-15,9.523122787475586,9.3203125,9.335225105285645,9.442594528198242,3533200.0,3.7848095893859863
2001-06-18,9.603650093078613,9.344172477722168,9.603650093078613,9.34715461730957,2360100.0,3.746553897857666
2001-06-19,9.41277027130127,9.245750427246094,9.40978717803955,9.373997688293457,1778700.0,3.757314443588257
2001-06-20,9.397857666015625,9.096625328063965,9.373997688293457,9.132414817810059,3948300.0,3.660482406616211
2001-06-21,9.195047378540039,8.810304641723633,9.162240028381348,8.887849807739258,7148000.0,3.5624566078186035
2001-06-22,9.007149696350098,8.738724708557129,8.858024597167969,9.004167556762695,6934700.0,3.6090776920318604
2001-06-25,9.072765350341797,8.872937202453613,9.036974906921387,8.947500228881836,2864300.0,3.586364269256592
2001-06-26,9.066800117492676,8.866972923278809,8.947500228881836,9.007149696350098,4443200.0,3.610273838043213
2001-06-27,9.042940139770508,8.640302658081055,8.917675018310547,8.679075241088867,4375800.0,3.4787745475769043
2001-06-28,8.589599609375,8.40766716003418,8.50012493133545,8.40766716003418,6041200.0,3.3699872493743896
2001-06-29,8.810304641723633,8.47029972076416,8.529950141906738,8.80135726928711,7204300.0,3.527787208557129
2001-07-02,8.798375129699707,8.56275749206543,8.798375129699707,8.613459587097168,5580800.0,3.452472686767578
2001-07-03,8.667144775390625,8.503107070922852,8.649250030517578,8.52696704864502,2378800.0,3.4178054332733154
2001-07-05,8.708900451660156,8.47029972076416,8.47029972076416,8.661179542541504,8098200.0,3.47160005569458
2001-07-06,8.80135726928711,8.664162635803223,8.798375129699707,8.795392036437988,6229600.0,3.5253968238830566
2001-07-09,8.768549919128418,8.518019676208496,8.768549919128418,8.565739631652832,2758700.0,3.4333465099334717
2001-07-10,8.676092147827148,8.485212326049805,8.661179542541504,8.541879653930664,3640900.0,3.4237821102142334
2001-07-11,8.574687957763672,8.315210342407227,8.47029972076416,8.419597625732422,5955000.0,3.3747689723968506
2001-07-12,8.497142791748047,8.306262969970703,8.440475463867188,8.398719787597656,4999100.0,3.366400957107544
2001-07-13,8.634337425231934,8.321174621582031,8.321174621582031,8.521002769470215,3365900.0,3.415414810180664
2001-07-16,8.679075241088867,8.336087226867676,8.649250030517578,8.38082504272461,2987000.0,3.3592281341552734
2001-07-17,8.479247093200684,8.172050476074219,8.410650253295898,8.395737648010254,4505200.0,3.3652052879333496
2001-07-18,8.538897514343262,8.10643482208252,8.35099983215332,8.157137870788574,4696300.0,3.2695682048797607
2001-07-19,8.38082504272461,8.246612548828125,8.26152515411377,8.35099983215332,3314600.0,3.347273826599121
2001-07-20,8.467317581176758,8.291350364685059,8.395737648010254,8.4136323928833,3933900.0,3.3723785877227783
2001-07-23,8.53591537475586,8.342052459716797,8.50012493133545,8.425562858581543,4056300.0,3.3771586418151855
2001-07-24,8.47029972076416,8.178014755249023,8.47029972076416,8.243630409240723,3979500.0,3.3042383193969727
2001-07-25,8.679075241088867,8.26152515411377,8.28836727142334,8.604512214660645,5914800.0,3.4488866329193115
2001-07-26,8.858024597167969,8.515037536621094,8.529950141906738,8.852060317993164,4741600.0,3.548111915588379
2001-07-27,8.947500228881836,8.622407913208008,8.947500228881836,8.8997802734375,4487500.0,3.5672388076782227
2001-07-30,8.977325439453125,8.84311294555664,8.977325439453125,8.875920295715332,3453100.0,3.557673215866089
2001-07-31,8.992237091064453,8.813287734985352,8.932587623596191,8.849077224731445,2612500.0,3.5469133853912354
2001-08-01,8.96241283416748,8.795392036437988,8.872937202453613,8.828200340270996,3182500.0,3.538546323776245
2001-08-02,8.923640251159668,8.729777336120605,8.872937202453613,8.917675018310547,2140400.0,3.574409008026123
2001-08-03,8.941534996032715,8.762584686279297,8.917675018310547,8.828200340270996,1839700.0,3.538546323776245
2001-08-06,8.932587623596191,8.753637313842773,8.8341646194458,8.804340362548828,2573600.0,3.528982400894165
2001-08-07,8.932587623596191,8.849077224731445,8.878902435302734,8.887849807739258,2641400.0,3.5624566078186035
2001-08-08,8.980307579040527,8.756620407104492,8.917675018310547,8.80135726928711,3086000.0,3.527787208557129
2001-08-09,8.887849807739258,8.696969985961914,8.825217247009277,8.846095085144043,2400300.0,3.5457184314727783
2001-08-10,8.980307579040527,8.8341646194458,8.8341646194458,8.947500228881836,1932900.0,3.586364269256592
2001-08-13,9.036974906921387,8.947500228881836,8.947500228881836,8.974342346191406,2487800.0,3.597123861312866
2001-08-14,9.036974906921387,8.947500228881836,8.992237091064453,9.004167556762695,2399300.0,3.7040064334869385
2001-08-15,9.3203125,9.031009674072266,9.031009674072266,9.254697799682617,4511900.0,3.8070666790008545
2001-08-16,9.275574684143066,9.162240028381348,9.23083782196045,9.239785194396973,3454100.0,3.800931215286255
2001-08-17,9.22785472869873,9.066800117492676,9.221890449523926,9.117502212524414,2593400.0,3.7506282329559326
2001-08-20,9.141362190246582,9.039957046508789,9.117502212524414,9.08171272277832,1891700.0,3.7359061241149902
2001-08-21,9.20101261138916,9.069782257080078,9.195047378540039,9.087677955627441,2452600.0,3.7383601665496826
2001-08-22,9.350137710571289,9.11153793334961,9.215925216674805,9.132414817810059,4024400.0,3.7567644119262695
2001-08-23,9.212942123413086,9.123467445373535,9.20101261138916,9.123467445373535,2702700.0,3.753081798553467
2001-08-24,9.245750427246094,9.11153793334961,9.171187400817871,9.215925216674805,3155700.0,3.7911176681518555
2001-08-27,9.326277732849121,9.203994750976562,9.260662078857422,9.203994750976562,1598600.0,3.7862086296081543
2001-08-28,9.29347038269043,9.23083782196045,9.260662078857422,9.25767993927002,3096000.0,3.808292865753174
2001-08-29,9.514175415039062,9.335225105285645,9.379962921142578,9.379962921142578,6176300.0,3.858595371246338
2001-08-30,9.481367111206055,9.302417755126953,9.436630249023438,9.397857666015625,7437300.0,3.8659586906433105
2001-08-31,9.445577621459961,9.344172477722168,9.379962921142578,9.397857666015625,3865500.0,3.8659586906433105
2001-09-04,9.663299560546875,9.362067222595215,9.400839805603027,9.397857666015625,7801800.0,3.8659586906433105
2001-09-05,9.511192321777344,9.365050315856934,9.454524993896484,9.466455459594727,3801800.0,3.894176721572876
2001-09-06,9.615579605102539,9.430665016174316,9.43961238861084,9.573824882507324,4791200.0,3.9383442401885986
2001-09-07,9.758740425109863,9.612597465515137,9.65733528137207,9.663299560546875,5258000.0,3.9751501083374023
2001-09-10,9.734880447387695,9.484350204467773,9.573824882507324,9.511192321777344,5518800.0,3.9125783443450928
2001-09-17,9.767687797546387,8.947500228881836,9.767687797546387,9.186100006103516,5489300.0,3.7788474559783936
2001-09-18,9.272592544555664,8.86398983001709,9.245750427246094,8.872937202453613,4586700.0,3.650024890899658
2001-09-19,8.887849807739258,8.201874732971191,8.679075241088867,8.321174621582031,8382500.0,3.423046588897705
2001-09-20,8.425562858581543,8.148189544677734,8.26749038696289,8.291350364685059,5847100.0,3.410778045654297
2001-09-21,8.252577781677246,7.978187561035156,8.11240005493164,7.978187561035156,7972100.0,3.281954288482666
2001-09-24,8.276437759399414,7.545724868774414,8.276437759399414,7.605374813079834,10202800.0,3.128591775894165
2001-09-25,7.694849967956543,7.515900135040283,7.635200023651123,7.575550079345703,7263300.0,3.1163229942321777
2001-09-26,7.614322662353516,7.441337585449219,7.569584846496582,7.539760112762451,6453600.0,3.101600170135498
2001-09-27,7.763447284698486,7.47116231918335,7.575550079345703,7.739587306976318,4640400.0,3.1838016510009766
2001-09-28,8.008012771606445,7.751517295837402,7.7992377281188965,7.978187561035156,5986200.0,3.281954288482666
2001-10-01,7.939414978027344,7.650112628936768,7.939414978027344,7.873799800872803,3665000.0,3.239011764526367
2001-10-02,8.25854206085205,7.843975067138672,7.897659778594971,8.25854206085205,6422700.0,3.3972809314727783
2001-10-03,8.425562858581543,8.11240005493164,8.201874732971191,8.368894577026367,5800500.0,3.4426779747009277
2001-10-04,8.610477447509766,8.38082504272461,8.425562858581543,8.544862747192383,4167900.0,3.5150647163391113
2001-10-05,8.673110008239746,8.503107070922852,8.589599609375,8.661179542541504,4338300.0,3.562912702560425
2001-10-08,8.705917358398438,8.515037536621094,8.634337425231934,8.604512214660645,3753200.0,3.539602041244507
2001-10-09,8.732760429382324,8.547844886779785,8.610477447509766,8.711882591247559,3143000.0,3.5837717056274414
2001-10-10,8.992237091064453,8.679075241088867,8.708900451660156,8.950482368469238,3464200.0,3.6819214820861816
2001-10-11,9.051887512207031,8.84311294555664,8.977325439453125,8.914692878723145,4767100.0,3.6672000885009766
2001-10-12,8.947500228881836,8.765567779541016,8.798375129699707,8.858024597167969,2502200.0,3.643888473510742
2001-10-15,8.858024597167969,8.607495307922363,8.855042457580566,8.646267890930176,2726900.0,3.556778907775879
2001-10-16,8.78048038482666,8.559775352478027,8.646267890930176,8.756620407104492,4851200.0,3.602174997329712
2001-10-17,8.84311294555664,8.613459587097168,8.768549919128418,8.649250030517578,3231800.0,3.5580053329467773
2001-10-18,8.577670097351074,8.282402038574219,8.541879653930664,8.333105087280273,4517000.0,3.4279556274414062
2001-10-19,8.503107070922852,8.186962127685547,8.321174621582031,8.40766716003418,4482100.0,3.4586262702941895
2001-10-22,8.541879653930664,8.26749038696289,8.440475463867188,8.4136323928833,4311800.0,3.461081027984619
2001-10-23,8.503107070922852,8.362930297851562,8.38082504272461,8.404685020446777,5503700.0,3.457399606704712
2001-10-24,8.440475463867188,8.216787338256836,8.404685020446777,8.312227249145508,5654600.0,3.4193663597106934
2001-10-25,8.38082504272461,8.234682083129883,8.297314643859863,8.362930297851562,5767300.0,3.440222978591919
2001-10-26,8.550827026367188,8.315210342407227,8.327139854431152,8.512055397033691,3580500.0,3.5015695095062256
2001-10-29,8.541879653930664,8.383807182312012,8.50012493133545,8.440475463867188,3227100.0,3.472123861312866
2001-10-30,8.35099983215332,8.133277893066406,8.35099983215332,8.133277893066406,2814000.0,3.3457536697387695
2001-10-31,8.306262969970703,8.052749633789062,8.23169994354248,8.228717803955078,5145600.0,3.385012149810791
2001-11-01,8.491177558898926,8.058714866638184,8.172050476074219,8.458370208740234,4586400.0,3.4794836044311523
2001-11-02,8.339070320129395,8.154154777526855,8.336087226867676,8.154154777526855,3261600.0,3.354341745376587
2001-11-05,8.216787338256836,8.091522216796875,8.216787338256836,8.160120010375977,4842200.0,3.3567938804626465
2001-11-06,8.097487449645996,7.897659778594971,8.08555793762207,8.037837028503418,4443500.0,3.3064894676208496
2001-11-07,8.136260032653809,7.918537616729736,8.02292537689209,8.082574844360352,5601000.0,3.3248953819274902
2001-11-08,8.228717803955078,8.130294799804688,8.157137870788574,8.198892593383789,4699700.0,3.372744560241699
2001-11-09,8.398719787597656,8.264507293701172,8.336087226867676,8.383807182312012,4073400.0,3.4488117694854736
2001-11-12,8.318192481994629,8.192927360534668,8.276437759399414,8.279419898986816,4680600.0,3.405871629714966
2001-11-13,8.321174621582031,8.178014755249023,8.321174621582031,8.28836727142334,2828400.0,3.4095513820648193
2001-11-14,8.216787338256836,7.906607627868652,8.213805198669434,7.93046760559082,4498500.0,3.2623233795166016
2001-11-15,7.843975067138672,7.536777496337891,7.840992450714111,7.6262526512146,8295000.0,3.1371803283691406
2001-11-16,7.838009834289551,7.551690101623535,7.739587306976318,7.784325122833252,5256900.0,3.2022039890289307
2001-11-19,7.829062461853027,7.635200023651123,7.829062461853027,7.754499912261963,4986400.0,3.2870571613311768
2001-11-20,8.216787338256836,7.8708176612854,7.873799800872803,8.127312660217285,7369600.0,3.445089101791382
2001-11-21,8.189945220947266,7.945380210876465,8.11240005493164,8.061697959899902,4693700.0,3.417276382446289
2001-11-23,8.26152515411377,7.984152317047119,8.061697959899902,8.255559921264648,3169400.0,3.4994513988494873
2001-11-26,8.255559921264648,8.046785354614258,8.255559921264648,8.133277893066406,5464200.0,3.447618007659912
2001-11-27,8.246612548828125,7.993100166320801,8.058714866638184,8.189945220947266,6145100.0,3.4716389179229736
2001-11-28,8.145207405090332,7.978187561035156,8.052749633789062,8.04976749420166,5679100.0,3.412219285964966
2001-11-29,8.151172637939453,8.037837028503418,8.052749633789062,8.11240005493164,5038000.0,3.438767910003662
2001-11-30,8.198892593383789,8.052749633789062,8.154154777526855,8.172050476074219,5922500.0,3.4640543460845947
2001-12-03,8.303279876708984,8.052749633789062,8.097487449645996,8.252577781677246,6152200.0,3.4981889724731445
2001-12-04,8.398719787597656,8.160120010375977,8.252577781677246,8.365912437438965,3171800.0,3.5462288856506348
2001-12-05,8.604512214660645,8.35099983215332,8.604512214660645,8.479247093200684,5275400.0,3.594271421432495
2001-12-06,8.482230186462402,8.23169994354248,8.482230186462402,8.23169994354248,2708800.0,3.4893383979797363
2001-12-07,8.374859809875488,8.133277893066406,8.14222526550293,8.368894577026367,3098700.0,3.547494649887085
2001-12-10,8.26152515411377,8.151172637939453,8.201874732971191,8.207839965820312,3576100.0,3.4792239665985107
2001-12-11,8.26152515411377,8.118365287780762,8.26152515411377,8.180997848510742,3790100.0,3.467846155166626
2001-12-12,8.291350364685059,8.145207405090332,8.198892593383789,8.279419898986816,3892300.0,3.5095670223236084
2001-12-13,8.246612548828125,8.091522216796875,8.23169994354248,8.136260032653809,3423600.0,3.4488818645477295
2001-12-14,8.306262969970703,8.151172637939453,8.172050476074219,8.306262969970703,3227100.0,3.520944356918335
2001-12-17,8.321174621582031,8.180997848510742,8.23169994354248,8.222752571105957,3034000.0,3.485546112060547
2001-12-18,8.342052459716797,8.25854206085205,8.306262969970703,8.315210342407227,3216700.0,3.524737596511841
2001-12-19,8.422579765319824,8.246612548828125,8.246612548828125,8.419597625732422,3663000.0,3.5689852237701416
2001-12-20,8.50012493133545,8.356965065002441,8.38082504272461,8.434510231018066,2423100.0,3.575308322906494
2001-12-21,8.604512214660645,8.440475463867188,8.440475463867188,8.604512214660645,4176000.0,3.647368907928467
2001-12-24,8.750655174255371,8.607495307922363,8.649250030517578,8.6552152633667,1603000.0,3.668861150741577
2001-12-26,8.866972923278809,8.693987846374512,8.753637313842773,8.831182479858398,2494200.0,3.74345326423645
2001-12-27,8.917675018310547,8.685040473937988,8.768549919128418,8.914692878723145,3673700.0,3.7788522243499756
2001-12-28,9.007149696350098,8.902762413024902,8.932587623596191,8.980307579040527,3253600.0,3.806666851043701
2001-12-31,8.98925495147705,8.887849807739258,8.935569763183594,8.947500228881836,3403100.0,3.7927584648132324
2002-01-02,8.947500228881836,8.762584686279297,8.947500228881836,8.872937202453613,5655600.0,3.761153221130371
2002-01-03,8.887849807739258,8.741707801818848,8.798375129699707,8.756620407104492,9641500.0,3.7118465900421143
2002-01-04,8.8997802734375,8.783462524414062,8.783462524414062,8.875920295715332,6619200.0,3.762416124343872
2002-01-07,8.968377113342285,8.831182479858398,8.875920295715332,8.953465461730957,4736600.0,3.7952873706817627
2002-01-08,8.974342346191406,8.813287734985352,8.968377113342285,8.929604530334473,4270900.0,3.785172462463379
2002-01-09,9.036974906921387,8.813287734985352,8.828200340270996,8.944517135620117,5254900.0,3.791494369506836
2002-01-10,8.858024597167969,8.673110008239746,8.756620407104492,8.705917358398438,4529700.0,3.6903536319732666
2002-01-11,8.738724708557129,8.515037536621094,8.738724708557129,8.580652236938477,6391600.0,3.6372547149658203
2002-01-14,8.488195419311523,8.359947204589844,8.38082504272461,8.440475463867188,6015700.0,3.5778355598449707
2002-01-15,8.649250030517578,8.488195419311523,8.515037536621094,8.592582702636719,5012900.0,3.642312526702881
2002-01-16,8.473282814025879,8.368894577026367,8.44345760345459,8.425562858581543,6767100.0,3.5715136528015137
2002-01-17,8.425562858581543,8.276437759399414,8.425562858581543,8.336087226867676,5748800.0,3.5335850715637207
2002-01-18,8.201874732971191,8.052749633789062,8.14222526550293,8.192927360534668,11663700.0,3.4729013442993164
2002-01-22,8.228717803955078,8.127312660217285,8.186962127685547,8.166085243225098,4312400.0,3.4615249633789062
2002-01-23,8.368894577026367,8.192927360534668,8.195910453796387,8.35099983215332,6904900.0,3.5399069786071777
2002-01-24,8.529950141906738,8.321174621582031,8.38082504272461,8.529950141906738,4760700.0,3.6157639026641846
2002-01-25,8.649250030517578,8.488195419311523,8.515037536621094,8.488195419311523,8280600.0,3.598064661026001
2002-01-28,8.574687957763672,8.321174621582031,8.574687957763672,8.35099983215332,7935900.0,3.5399069786071777
2002-01-29,8.336087226867676,8.127312660217285,8.306262969970703,8.172050476074219,8004600.0,3.4640543460845947
2002-01-30,8.294332504272461,8.067662239074707,8.219770431518555,8.264507293701172,5593200.0,3.5032448768615723
2002-01-31,8.404685020446777,8.216787338256836,8.216787338256836,8.365912437438965,6431800.0,3.5462288856506348
2002-02-01,8.47029972076416,8.327139854431152,8.35099983215332,8.461352348327637,4104600.0,3.586684226989746
2002-02-04,8.464335441589355,8.222752571105957,8.461352348327637,8.246612548828125,2917300.0,3.495659589767456
2002-02-05,8.3450345993042,8.186962127685547,8.201874732971191,8.279419898986816,3802100.0,3.5095670223236084
2002-02-06,8.47029972076416,8.297314643859863,8.35099983215332,8.362930297851562,3344500.0,3.5449652671813965
2002-02-07,8.365912437438965,8.246612548828125,8.362930297851562,8.246612548828125,3926200.0,3.495659589767456
2002-02-08,8.279419898986816,8.148189544677734,8.201874732971191,8.195910453796387,5285100.0,3.4741673469543457
2002-02-11,8.282402038574219,8.14222526550293,8.216787338256836,8.22573471069336,6992700.0,3.4868087768554688
2002-02-12,8.243630409240723,8.151172637939453,8.22573471069336,8.198892593383789,3945000.0,3.475431442260742
2002-02-13,8.198892593383789,8.088540077209473,8.186962127685547,8.157137870788574,6561600.0,3.4577324390411377
2002-02-14,8.252577781677246,8.127312660217285,8.157137870788574,8.228717803955078,4827400.0,3.488074541091919
2002-02-15,8.321174621582031,8.157137870788574,8.1690673828125,8.300297737121582,4784900.0,3.6195857524871826
2002-02-19,8.300297737121582,8.121347427368164,8.300297737121582,8.133277893066406,3864500.0,3.546753406524658
2002-02-20,8.198892593383789,8.008012771606445,8.136260032653809,8.07660961151123,3066800.0,3.522040367126465
2002-02-21,8.201874732971191,8.052749633789062,8.052749633789062,8.163102149963379,6944100.0,3.5597567558288574
2002-02-22,8.35099983215332,8.130294799804688,8.136260032653809,8.279419898986816,6731600.0,3.610482692718506
2002-02-25,8.44345760345459,8.26152515411377,8.318192481994629,8.401702880859375,4027800.0,3.6638076305389404
2002-02-26,8.440475463867188,8.234682083129883,8.336087226867676,8.26152515411377,5160100.0,3.602678060531616
2002-02-27,8.336087226867676,8.175032615661621,8.285385131835938,8.213805198669434,3766900.0,3.58186936378479
2002-02-28,8.306262969970703,8.198892593383789,8.25854206085205,8.201874732971191,4482800.0,3.5766677856445312
2002-03-01,8.416614532470703,8.201874732971191,8.246612548828125,8.410650253295898,3835000.0,3.6677095890045166
2002-03-04,8.494159698486328,8.348017692565918,8.416614532470703,8.494159698486328,4192400.0,3.70412540435791
2002-03-05,8.512055397033691,8.35099983215332,8.485212326049805,8.35099983215332,5234800.0,3.641697406768799
2002-03-06,8.571704864501953,8.216787338256836,8.336087226867676,8.523984909057617,5316600.0,3.7171316146850586
2002-03-07,8.619424819946289,8.458370208740234,8.589599609375,8.485212326049805,4697000.0,3.700223684310913
2002-03-08,8.544862747192383,8.306262969970703,8.488195419311523,8.410650253295898,3703600.0,3.6677095890045166
2002-03-11,8.619424819946289,8.437492370605469,8.440475463867188,8.580652236938477,4969900.0,3.7418432235717773
2002-03-12,8.852060317993164,8.583635330200195,8.583635330200195,8.789427757263184,8395600.0,3.8328866958618164
2002-03-13,8.947500228881836,8.729777336120605,8.944517135620117,8.765567779541016,4751000.0,3.822482109069824
2002-03-14,8.765567779541016,8.649250030517578,8.729777336120605,8.708900451660156,2888100.0,3.7977712154388428
2002-03-15,8.858024597167969,8.723812103271484,8.825217247009277,8.819252967834473,5463500.0,3.845891237258911
2002-03-18,8.887849807739258,8.77153205871582,8.828200340270996,8.884867668151855,3252900.0,3.8745062351226807
2002-03-19,8.929604530334473,8.80135726928711,8.887849807739258,8.810304641723633,4855600.0,3.841989517211914
2002-03-20,8.783462524414062,8.619424819946289,8.78048038482666,8.649250030517578,5804100.0,3.7717552185058594
2002-03-21,8.6552152633667,8.538897514343262,8.604512214660645,8.637319564819336,4983700.0,3.766552686691284
2002-03-22,8.592582702636719,8.464335441589355,8.592582702636719,8.476264953613281,3550700.0,3.6963226795196533
2002-03-25,8.53293228149414,8.404685020446777,8.476264953613281,8.482230186462402,5486600.0,3.698922872543335
2002-03-26,8.583635330200195,8.497142791748047,8.515037536621094,8.503107070922852,4591700.0,3.7080276012420654
2002-03-27,8.637319564819336,8.529950141906738,8.559775352478027,8.586617469787598,5750800.0,3.7444448471069336
2002-03-28,8.619424819946289,8.521002769470215,8.589599609375,8.589599609375,4408700.0,3.7457454204559326
2002-04-01,8.673110008239746,8.589599609375,8.589599609375,8.634337425231934,5275700.0,3.765254497528076
2002-04-02,8.723812103271484,8.616442680358887,8.646267890930176,8.631355285644531,4087100.0,3.76395320892334
2002-04-03,8.619424819946289,8.479247093200684,8.559775352478027,8.56872272491455,7376300.0,3.7366387844085693
2002-04-04,8.589599609375,8.336087226867676,8.574687957763672,8.419597625732422,4603100.0,3.671609878540039
2002-04-05,8.467317581176758,8.321174621582031,8.449422836303711,8.368894577026367,3335700.0,3.6495018005371094
2002-04-08,8.565739631652832,8.455387115478516,8.47029972076416,8.553810119628906,4242700.0,3.730138063430786
2002-04-09,8.547844886779785,8.389772415161133,8.544862747192383,8.422579765319824,4896200.0,3.672910451889038
2002-04-10,8.583635330200195,8.383807182312012,8.419597625732422,8.574687957763672,5615700.0,3.739241361618042
2002-04-11,8.702935218811035,8.509072303771973,8.529950141906738,8.59854793548584,6525000.0,3.749647617340088
2002-04-12,8.601530075073242,8.273454666137695,8.601530075073242,8.291350364685059,4759000.0,3.615684747695923
2002-04-15,8.515037536621094,8.431527137756348,8.491177558898926,8.464335441589355,2768100.0,3.691120147705078
2002-04-16,8.571704864501953,8.494159698486328,8.509072303771973,8.541879653930664,4063700.0,3.724936008453369
2002-04-17,8.673110008239746,8.53293228149414,8.643284797668457,8.664162635803223,4281600.0,3.778261661529541
2002-04-18,8.828200340270996,8.62539005279541,8.78048038482666,8.804340362548828,7278700.0,3.839388608932495
2002-04-19,8.917675018310547,8.723812103271484,8.872937202453613,8.893815040588379,7397400.0,3.8784070014953613
2002-04-22,8.914692878723145,8.77153205871582,8.887849807739258,8.783462524414062,8239700.0,3.830284595489502
2002-04-23,8.831182479858398,8.65223217010498,8.693987846374512,8.774515151977539,5343800.0,3.8263821601867676
2002-04-24,8.78048038482666,8.640302658081055,8.708900451660156,8.658197402954102,3503400.0,3.7756593227386475
2002-04-25,8.795392036437988,8.574687957763672,8.604512214660645,8.714864730834961,2829800.0,3.8003695011138916
2002-04-26,8.738724708557129,8.574687957763672,8.65223217010498,8.628372192382812,3045000.0,3.7626521587371826
2002-04-29,8.679075241088867,8.518019676208496,8.553810119628906,8.62539005279541,2794900.0,3.761353015899658
2002-04-30,8.732760429382324,8.613459587097168,8.628372192382812,8.667144775390625,4755700.0,3.7795605659484863
2002-05-01,8.753637313842773,8.592582702636719,8.667144775390625,8.753637313842773,3711300.0,3.8172779083251953
2002-05-02,8.756620407104492,8.62539005279541,8.708900451660156,8.664162635803223,3468200.0,3.778261661529541
2002-05-03,8.783462524414062,8.59854793548584,8.753637313842773,8.708900451660156,3149000.0,3.7977712154388428
2002-05-06,8.65223217010498,8.398719787597656,8.649250030517578,8.4136323928833,4076100.0,3.6690101623535156
2002-05-07,8.437492370605469,8.3450345993042,8.437492370605469,8.389772415161133,4048600.0,3.658604383468628
2002-05-08,8.595564842224121,8.410650253295898,8.595564842224121,8.547844886779785,7440700.0,3.727536678314209
2002-05-09,8.59854793548584,8.47029972076416,8.544862747192383,8.491177558898926,1930500.0,3.7028253078460693
2002-05-10,8.56275749206543,8.44345760345459,8.559775352478027,8.452404975891113,2620200.0,3.6859164237976074
2002-05-13,8.619424819946289,8.38082504272461,8.395737648010254,8.601530075073242,2541400.0,3.750948667526245
2002-05-14,8.664162635803223,8.523984909057617,8.619424819946289,8.628372192382812,2957200.0,3.866027355194092
2002-05-15,8.628372192382812,8.38679027557373,8.628372192382812,8.410650253295898,4957500.0,3.7684764862060547
2002-05-16,8.604512214660645,8.4136323928833,8.494159698486328,8.523984909057617,5033600.0,3.819256067276001
2002-05-17,8.529950141906738,8.4136323928833,8.523984909057617,8.476264953613281,2662100.0,3.7978756427764893
2002-05-20,8.473282814025879,8.38679027557373,8.446439743041992,8.410650253295898,2046600.0,3.7684764862060547
2002-05-21,8.604512214660645,8.395737648010254,8.395737648010254,8.461352348327637,2674200.0,3.7911930084228516
2002-05-22,8.574687957763672,8.425562858581543,8.53591537475586,8.529950141906738,2602500.0,3.821930408477783
2002-05-23,8.574687957763672,8.449422836303711,8.529950141906738,8.550827026367188,2263500.0,3.831282138824463
2002-05-24,8.547844886779785,8.434510231018066,8.547844886779785,8.461352348327637,2224300.0,3.7911930084228516
2002-05-28,8.452404975891113,8.321174621582031,8.440475463867188,8.389772415161133,2187000.0,3.7591209411621094
2002-05-29,8.392754554748535,8.285385131835938,8.389772415161133,8.35099983215332,3281400.0,3.7417497634887695
2002-05-30,8.35099983215332,8.058714866638184,8.23169994354248,8.118365287780762,4611900.0,3.6375162601470947
2002-05-31,8.285385131835938,8.11240005493164,8.157137870788574,8.178014755249023,4739300.0,3.6642415523529053
2002-06-03,8.246612548828125,8.031872749328613,8.246612548828125,8.031872749328613,4836200.0,3.598759412765503
2002-06-04,8.04976749420166,7.918537616729736,8.034854888916016,7.975204944610596,3884900.0,3.5733695030212402
2002-06-05,7.975204944610596,7.855905055999756,7.975204944610596,7.933450222015381,5239800.0,3.554661750793457
2002-06-06,8.02292537689209,7.784325122833252,8.02292537689209,7.820115089416504,5520200.0,3.503880500793457
2002-06-07,7.933450222015381,7.754499912261963,7.820115089416504,7.873799800872803,4232300.0,3.5279343128204346
2002-06-10,7.8708176612854,7.71572732925415,7.8708176612854,7.736605167388916,4124300.0,3.466463327407837
2002-06-11,7.8230977058410645,7.650112628936768,7.8111677169799805,7.6680073738098145,4233600.0,3.43572735786438
2002-06-12,7.802219867706299,7.679937362670898,7.736605167388916,7.724675178527832,3461500.0,3.46111798286438
2002-06-13,7.894677639007568,7.659060001373291,7.679937362670898,7.817132472991943,3310600.0,3.5025436878204346
2002-06-14,7.882747650146484,7.638182640075684,7.858887672424316,7.876782417297363,3779700.0,3.5292696952819824
2002-06-17,8.088540077209473,7.906607627868652,7.978187561035156,8.07660961151123,2735600.0,3.618805170059204
2002-06-18,8.082574844360352,7.984152317047119,8.052749633789062,8.01397705078125,3269000.0,3.59074330329895
2002-06-19,8.082574844360352,7.939414978027344,8.037837028503418,7.996082305908203,4760700.0,3.5827245712280273
2002-06-20,8.037837028503418,7.876782417297363,7.978187561035156,7.918537616729736,4618900.0,3.547980785369873
2002-06-21,7.969240188598633,7.769412517547607,7.843975067138672,7.852922439575195,3929200.0,3.518580436706543
2002-06-24,7.972222328186035,7.829062461853027,7.879765033721924,7.903625011444092,3104700.0,3.5412979125976562
2002-06-25,8.067662239074707,7.843975067138672,8.008012771606445,7.846957683563232,3947600.0,3.515908718109131
2002-06-26,7.888712406158447,7.754499912261963,7.784325122833252,7.86783504486084,3473200.0,3.525261878967285
2002-06-27,7.960292339324951,7.849939823150635,7.918537616729736,7.933450222015381,4119000.0,3.554661750793457
2002-06-28,8.157137870788574,7.876782417297363,7.876782417297363,8.088540077209473,10285300.0,3.624152183532715
2002-07-01,8.11240005493164,7.873799800872803,8.052749633789062,7.948362350463867,3686800.0,3.5613415241241455
2002-07-02,8.002047538757324,7.751517295837402,7.945380210876465,7.787307262420654,3410500.0,3.489180564880371
2002-07-03,7.873799800872803,7.718709945678711,7.787307262420654,7.760465145111084,2925000.0,3.4771535396575928
2002-07-05,7.939414978027344,7.772395133972168,7.814149856567383,7.921520233154297,2928400.0,3.549316167831421
2002-07-08,7.978187561035156,7.829062461853027,7.924502372741699,7.915555000305176,3626100.0,3.546642303466797
2002-07-09,7.894677639007568,7.7336225509643555,7.796255111694336,7.7336225509643555,4679900.0,3.4651262760162354
2002-07-10,7.8111677169799805,7.602392673492432,7.784325122833252,7.6322174072265625,4138800.0,3.4196906089782715
2002-07-11,7.6083574295043945,7.35484504699707,7.605374813079834,7.408530235290527,5290800.0,3.3194663524627686
2002-07-12,7.486074924468994,7.265369892120361,7.432390213012695,7.333967685699463,5335100.0,3.2860569953918457
2002-07-15,7.319055080413818,6.943260192871094,7.2474751472473145,7.238527297973633,6071000.0,3.2432944774627686
2002-07-16,7.253439903259277,6.985014915466309,7.184842586517334,7.131157398223877,4748700.0,3.1951873302459717
2002-07-17,7.345897674560547,7.0685248374938965,7.202737331390381,7.181859970092773,6138400.0,3.2179038524627686
2002-07-18,7.330985069274902,7.1579999923706055,7.2474751472473145,7.190807342529297,4795900.0,3.2219133377075195
2002-07-19,7.125192642211914,6.800099849700928,7.0685248374938965,6.800099849700928,5343100.0,3.0468523502349854
2002-07-22,6.901504993438721,6.397462368011475,6.803082466125488,6.433252334594727,7104700.0,2.8824820518493652
2002-07-23,6.615184783935547,6.352725028991699,6.507814884185791,6.352725028991699,6302000.0,2.846402645111084
2002-07-24,6.710625171661377,6.266232490539551,6.293075084686279,6.645009994506836,10291700.0,2.9773635864257812
2002-07-25,6.6599225997924805,6.385532379150391,6.645009994506836,6.47799015045166,5724300.0,2.902528762817383
2002-07-26,6.645009994506836,6.454130172729492,6.47799015045166,6.609220027923584,5758200.0,2.961327314376831
2002-07-29,6.970102310180664,6.665887355804443,6.680799961090088,6.961154937744141,4957500.0,3.1190152168273926
2002-07-30,7.041682720184326,6.785187721252441,6.800099849700928,6.955190181732178,4524000.0,3.1163430213928223
2002-07-31,7.229579925537109,6.919400215148926,6.993962287902832,7.229579925537109,5174500.0,3.239285469055176
2002-08-01,7.190807342529297,6.77922248840332,7.1878252029418945,6.800099849700928,4439200.0,3.0468523502349854
2002-08-02,6.895540237426758,6.621150016784668,6.844837665557861,6.650975227355957,5218700.0,2.9800355434417725
2002-08-05,6.752379894256592,6.397462368011475,6.650975227355957,6.424304962158203,4277200.0,2.878474235534668
2002-08-06,6.815012454986572,6.4571123123168945,6.4571123123168945,6.692729949951172,3273700.0,2.9987449645996094
2002-08-07,6.928347587585449,6.689747333526611,6.755362510681152,6.919400215148926,4647100.0,3.100306272506714
2002-08-08,7.1579999923706055,6.952207565307617,7.038700103759766,7.128174781799316,3158000.0,3.1938488483428955
2002-08-09,7.402565002441406,6.982032299041748,7.131157398223877,7.333967685699463,4113600.0,3.2860569953918457
2002-08-12,7.360809803009033,7.190807342529297,7.217649936676025,7.268352508544922,4018100.0,3.256657600402832
2002-08-13,7.390635013580322,7.202737331390381,7.360809803009033,7.202737331390381,4698700.0,3.2272579669952393
2002-08-14,7.441337585449219,7.2116851806640625,7.322037696838379,7.438354969024658,3078600.0,3.3328287601470947
2002-08-15,7.641164779663086,7.450284957885742,7.453267574310303,7.602392673492432,2469000.0,3.406327962875366
2002-08-16,7.602392673492432,7.423442363739014,7.459232330322266,7.575550079345703,3109100.0,3.394301414489746
2002-08-19,7.617304801940918,7.396599769592285,7.5308122634887695,7.444320201873779,4817000.0,3.439941644668579
2002-08-20,7.447302341461182,7.101332664489746,7.447302341461182,7.166947364807129,7348500.0,3.311769723892212
2002-08-21,7.29221248626709,7.035717487335205,7.2474751472473145,7.244492530822754,3664300.0,3.3476030826568604
2002-08-22,7.447302341461182,7.202737331390381,7.244492530822754,7.41151237487793,3266300.0,3.4247822761535645
2002-08-23,7.41151237487793,7.259405136108398,7.41151237487793,7.29221248626709,3362900.0,3.3696539402008057
2002-08-26,7.402565002441406,7.217649936676025,7.277299880981445,7.366775035858154,4130000.0,3.4041085243225098
2002-08-27,7.545724868774414,7.396599769592285,7.515900135040283,7.47116231918335,5949000.0,3.4523441791534424
2002-08-28,7.426424980163574,7.307125091552734,7.381687641143799,7.378705024719238,4361100.0,3.4096221923828125
2002-08-29,7.360809803009033,7.23256254196167,7.262387275695801,7.307125091552734,5868900.0,3.3765461444854736
2002-08-30,7.456250190734863,7.277299880981445,7.29221248626709,7.381687641143799,3962100.0,3.4110004901885986
2002-09-03,7.238527297973633,7.074490070343018,7.2355451583862305,7.155017375946045,5111800.0,3.3062570095062256
2002-09-04,7.262387275695801,7.011857509613037,7.143087387084961,7.238527297973633,5695200.0,3.344846725463867
2002-09-05,7.322037696838379,7.1102800369262695,7.166947364807129,7.256422519683838,6951800.0,3.3531172275543213
2002-09-06,7.381687641143799,7.23256254196167,7.328002452850342,7.35186243057251,5523200.0,3.3972179889678955
2002-09-09,7.47116231918335,7.29221248626709,7.381687641143799,7.447302341461182,5955400.0,3.441319227218628
2002-09-10,7.590462684631348,7.456250190734863,7.456250190734863,7.554672718048096,4545500.0,3.490933656692505
2002-09-11,7.6978325843811035,7.563620090484619,7.694849967956543,7.569584846496582,5846700.0,3.4978246688842773
2002-09-12,7.569584846496582,7.277299880981445,7.569584846496582,7.304142475128174,6454300.0,3.375166177749634
2002-09-13,7.399582386016846,7.214667320251465,7.304142475128174,7.345897674560547,3388000.0,3.3944590091705322
2002-09-16,7.417477607727051,7.2474751472473145,7.417477607727051,7.372739791870117,2300000.0,3.406865119934082
2002-09-17,7.372739791870117,7.071507453918457,7.372739791870117,7.0983500480651855,4656400.0,3.2800731658935547
2002-09-18,7.163965225219727,6.976067543029785,7.086420059204102,7.059577465057373,3255300.0,3.2621564865112305
2002-09-19,7.065542697906494,6.889575004577637,6.999927520751953,6.895540237426758,2811700.0,3.18635630607605
2002-09-20,6.987997531890869,6.862732410430908,6.89852237701416,6.937294960021973,4779800.0,3.205650806427002
2002-09-23,6.934312343597412,6.758345127105713,6.910452365875244,6.83588981628418,5007800.0,3.1587917804718018
2002-09-24,6.77623987197876,6.591324806213379,6.77623987197876,6.6241326332092285,5454100.0,3.060941219329834
2002-09-25,6.692729949951172,6.513780117034912,6.650975227355957,6.627114772796631,6921300.0,3.06231951713562
2002-09-26,6.913434982299805,6.698695182800293,6.740449905395508,6.880627632141113,4446600.0,3.1794655323028564
2002-09-27,6.99098014831543,6.800099849700928,6.880627632141113,6.829925060272217,3782700.0,3.1560354232788086
2002-09-30,6.841855049133301,6.579394817352295,6.770275115966797,6.764309883117676,4103600.0,3.1257152557373047
2002-10-01,6.886592388153076,6.686765193939209,6.764309883117676,6.874662399291992,4038200.0,3.176708936691284
2002-10-02,6.999927520751953,6.728519916534424,6.829925060272217,6.740449905395508,3037700.0,3.1146912574768066
2002-10-03,6.892557621002197,6.674835205078125,6.815012454986572,6.755362510681152,3973500.0,3.1215813159942627
2002-10-04,6.829925060272217,6.5465874671936035,6.800099849700928,6.588342666625977,4051900.0,3.0444045066833496
2002-10-07,6.591324806213379,6.436234951019287,6.588342666625977,6.442200183868408,3906700.0,2.9768731594085693
2002-10-08,6.4451823234558105,6.275179862976074,6.412374973297119,6.328865051269531,5335700.0,2.9245002269744873
2002-10-09,6.281145095825195,6.075352668762207,6.281145095825195,6.093247413635254,5025900.0,2.815624475479126
2002-10-10,6.188687324523926,6.02166748046875,6.123072624206543,6.185705184936523,6686000.0,2.858349084854126
2002-10-11,6.299039840698242,6.1618452072143555,6.26324987411499,6.299039840698242,5930200.0,2.910719633102417
2002-10-14,6.4690423011779785,6.275179862976074,6.299039840698242,6.466060161590576,2515600.0,2.9878973960876465
2002-10-15,6.695712566375732,6.53764009475708,6.695712566375732,6.633080005645752,3349800.0,3.0650761127471924
2002-10-16,6.692729949951172,6.4690423011779785,6.633080005645752,6.501850128173828,2849900.0,3.0044362545013428
2002-10-17,6.710625171661377,6.5465874671936035,6.710625171661377,6.665887355804443,2807300.0,3.0802361965179443
2002-10-18,6.704659938812256,6.5465874671936035,6.695712566375732,6.639044761657715,2845200.0,3.067830801010132
2002-10-21,6.695712566375732,6.501850128173828,6.564482688903809,6.501850128173828,6798300.0,3.0044362545013428
2002-10-22,6.501850128173828,6.221495151519775,6.501850128173828,6.316935062408447,5150000.0,2.9189891815185547
2002-10-23,6.41834020614624,6.221495151519775,6.284127712249756,6.379567623138428,2665500.0,2.9479308128356934
2002-10-24,6.430270195007324,6.1737751960754395,6.266232490539551,6.215529918670654,4151500.0,2.8721299171447754
2002-10-25,6.212547302246094,6.0604400634765625,6.170792579650879,6.126054763793945,5282400.0,2.8307852745056152
2002-10-28,6.227459907531738,6.051492691040039,6.185705184936523,6.0962300300598145,4113300.0,2.8170032501220703
2002-10-29,6.066404819488525,5.848682403564453,6.066404819488525,5.967982292175293,6691000.0,2.7577409744262695
2002-10-30,6.221495151519775,6.033597469329834,6.033597469329834,6.20061731338501,5060500.0,2.8652400970458984
2002-10-31,6.370619773864746,6.146932601928711,6.287109851837158,6.233425140380859,5539900.0,2.8803999423980713
2002-11-01,6.299039840698242,6.188687324523926,6.188687324523926,6.218512535095215,4477100.0,2.8735086917877197
2002-11-04,6.245355129241943,6.078334808349609,6.221495151519775,6.0962300300598145,4543800.0,2.8170032501220703
2002-11-05,6.170792579650879,6.054474830627441,6.0962300300598145,6.132019996643066,5846700.0,2.8335416316986084
2002-11-06,6.293075084686279,6.114124774932861,6.284127712249756,6.254302501678467,6240700.0,2.8900463581085205
2002-11-07,6.38254976272583,6.14394998550415,6.38254976272583,6.158862590789795,4031800.0,2.84594464302063
2002-11-08,6.284127712249756,6.1618452072143555,6.188687324523926,6.179739952087402,2824100.0,2.8555920124053955
2002-11-11,6.260267734527588,6.114124774932861,6.114124774932861,6.14394998550415,3632500.0,2.8390536308288574
2002-11-12,6.242372512817383,6.126054763793945,6.158862590789795,6.185705184936523,4686000.0,2.858349084854126
2002-11-13,6.230442523956299,5.997807502746582,6.170792579650879,6.0843000411987305,4830100.0,2.811490058898926
2002-11-14,6.0843000411987305,5.622012615203857,6.0843000411987305,5.836752414703369,17130900.0,2.697101593017578
2002-11-15,5.830787658691406,5.613064765930176,5.786049842834473,5.666749954223633,12590700.0,2.618544816970825
2002-11-18,5.72043514251709,5.622012615203857,5.636925220489502,5.72043514251709,4749000.0,2.755178451538086
2002-11-19,5.792015075683594,5.636925220489502,5.696575164794922,5.699557304382324,4853900.0,2.7451229095458984
2002-11-20,5.890437602996826,5.669732570648193,5.702539920806885,5.890437602996826,4946500.0,2.8370590209960938
2002-11-21,6.039562702178955,5.845699787139893,5.920262336730957,6.0067548751831055,5257600.0,2.893080472946167
2002-11-22,6.027632713317871,5.905350208282471,5.950087547302246,5.991842269897461,3757900.0,2.885899782180786
2002-11-25,6.030614852905273,5.905350208282471,5.965000152587891,5.979912281036377,3699200.0,2.8801517486572266
2002-11-26,5.9828948974609375,5.786049842834473,5.9828948974609375,5.824822425842285,6082400.0,2.8054563999176025
2002-11-27,5.935174942016602,5.83973503112793,5.83973503112793,5.89938497543335,3043000.0,2.8413686752319336
2002-11-29,5.988860130310059,5.845699787139893,5.9590349197387695,5.965000152587891,2685300.0,2.8729705810546875
2002-12-02,6.063422679901123,5.917280197143555,5.9948248863220215,6.063422679901123,5623800.0,2.9203739166259766
2002-12-03,6.155879974365234,6.0365800857543945,6.0485100746154785,6.105177402496338,6892500.0,2.940486192703247
2002-12-04,6.120090007781982,5.991842269897461,6.054474830627441,5.997807502746582,4855900.0,2.8887712955474854
2002-12-05,6.135002613067627,6.0365800857543945,6.069387435913086,6.105177402496338,4419100.0,2.940486192703247
2002-12-06,6.230442523956299,6.02166748046875,6.0843000411987305,6.206582546234131,4057300.0,2.9893252849578857
2002-12-09,6.376585006713867,6.14096736907959,6.182722568511963,6.287109851837158,9797400.0,3.028110980987549
2002-12-10,6.334829807281494,6.129037380218506,6.14394998550415,6.325882434844971,5672400.0,3.0467844009399414
2002-12-11,6.328865051269531,6.20359992980957,6.328865051269531,6.305005073547363,3758500.0,3.0367305278778076
2002-12-12,6.388514995574951,6.215529918670654,6.233425140380859,6.373602390289307,3895000.0,3.0697672367095947
2002-12-13,6.397462368011475,6.29605770111084,6.370619773864746,6.373602390289307,7314600.0,3.0697672367095947
2002-12-16,6.513780117034912,6.376585006713867,6.397462368011475,6.501850128173828,5536900.0,3.131537437438965
2002-12-17,6.513780117034912,6.41834020614624,6.472024917602539,6.424304962158203,4587700.0,3.094189167022705
2002-12-18,6.4571123123168945,6.287109851837158,6.352725028991699,6.337812423706055,4063000.0,3.052530288696289
2002-12-19,6.370619773864746,6.266232490539551,6.293075084686279,6.305005073547363,2937400.0,3.0367305278778076
2002-12-20,6.427287578582764,6.313952445983887,6.379567623138428,6.427287578582764,4377800.0,3.095625162124634
2002-12-23,6.495884895324707,6.394480228424072,6.427287578582764,6.486937522888184,3533200.0,3.1243555545806885
2002-12-24,6.486937522888184,6.397462368011475,6.486937522888184,6.436234951019287,1169400.0,3.0999345779418945
2002-12-26,6.501850128173828,6.409392356872559,6.442200183868408,6.439217567443848,3023600.0,3.1013717651367188
2002-12-27,6.498867511749268,6.299039840698242,6.439217567443848,6.316935062408447,3733700.0,3.042475938796997
2002-12-30,6.41834020614624,6.316935062408447,6.379567623138428,6.35570764541626,3484600.0,3.061150074005127
2002-12-31,6.38254976272583,6.218512535095215,6.32289981842041,6.349742412567139,5254300.0,3.058277130126953
2003-01-02,6.4809722900390625,6.361672401428223,6.412374973297119,6.4809722900390625,3526200.0,3.1214823722839355
2003-01-03,6.5048322677612305,6.412374973297119,6.4809722900390625,6.41834020614624,4175600.0,3.0913171768188477
2003-01-06,6.674835205078125,6.451147556304932,6.4690423011779785,6.6599225997924805,6345600.0,3.2076709270477295
2003-01-07,6.576412677764893,6.352725028991699,6.564482688903809,6.379567623138428,5777700.0,3.0726418495178223
2003-01-08,6.385532379150391,6.299039840698242,6.379567623138428,6.331847667694092,3082900.0,3.0496585369110107
2003-01-09,6.421322345733643,6.331847667694092,6.41834020614624,6.367637634277344,4850900.0,3.066895008087158
2003-01-10,6.421322345733643,6.29605770111084,6.370619773864746,6.367637634277344,6604100.0,3.066895008087158
2003-01-13,6.528692722320557,6.373602390289307,6.528692722320557,6.403427600860596,3411500.0,3.0841331481933594
2003-01-14,6.495884895324707,6.370619773864746,6.400444984436035,6.460094928741455,4657100.0,3.1114261150360107
2003-01-15,6.513780117034912,6.424304962158203,6.4451823234558105,6.4750075340271,3035000.0,3.11860990524292
2003-01-16,6.591324806213379,6.4929022789001465,6.561500072479248,6.516762733459473,4047900.0,3.1387197971343994
2003-01-17,6.576412677764893,6.439217567443848,6.519744873046875,6.4451823234558105,4527000.0,3.1042439937591553
2003-01-21,6.466060161590576,6.307987689971924,6.448164939880371,6.316935062408447,6533100.0,3.042475938796997
2003-01-22,6.32289981842041,6.20359992980957,6.307987689971924,6.245355129241943,5853100.0,3.007999897003174
2003-01-23,6.352725028991699,6.269215106964111,6.352725028991699,6.293075084686279,5380300.0,3.0309839248657227
2003-01-24,6.281145095825195,6.14096736907959,6.281145095825195,6.167809963226318,4377500.0,2.9706509113311768
2003-01-27,6.206582546234131,5.920262336730957,6.170792579650879,6.0246500968933105,6074700.0,2.901700735092163
2003-01-28,6.108160018920898,6.009737491607666,6.0246500968933105,6.054474830627441,3704200.0,2.916064977645874
2003-01-29,6.385532379150391,6.129037380218506,6.1737751960754395,6.346759796142578,6144500.0,3.056840658187866
2003-01-30,6.406410217285156,6.26324987411499,6.406410217285156,6.26324987411499,5472500.0,3.0166189670562744
2003-01-31,6.319917678833008,6.176757335662842,6.266232490539551,6.233425140380859,8340600.0,3.0022542476654053
2003-02-03,6.400444984436035,6.245355129241943,6.319917678833008,6.38254976272583,6905900.0,3.0740771293640137
2003-02-04,6.513780117034912,6.287109851837158,6.370619773864746,6.513780117034912,5817200.0,3.137284755706787
2003-02-05,6.618167400360107,6.4929022789001465,6.606237411499023,6.564482688903809,7501700.0,3.1617040634155273
2003-02-06,6.588342666625977,6.472024917602539,6.567464828491211,6.549570083618164,6182000.0,3.1545214653015137
2003-02-07,6.6122026443481445,6.483954906463623,6.6122026443481445,6.489920139312744,4365800.0,3.1257917881011963
2003-02-10,6.5972900390625,6.489920139312744,6.555534839630127,6.5943074226379395,3938900.0,3.176068067550659
2003-02-11,6.692729949951172,6.591324806213379,6.6360626220703125,6.639044761657715,5541300.0,3.197615146636963
2003-02-12,6.642027378082275,6.466060161590576,6.642027378082275,6.4690423011779785,3698500.0,3.1157357692718506
2003-02-13,6.516762733459473,6.379567623138428,6.4809722900390625,6.436234951019287,6691000.0,3.0999345779418945
2003-02-14,6.466060161590576,6.367637634277344,6.403427600860596,6.394480228424072,4574000.0,3.1939613819122314
2003-02-18,6.689747333526611,6.427287578582764,6.427287578582764,6.686765193939209,5111100.0,3.3399546146392822
2003-02-19,6.668869972229004,6.540622711181641,6.665887355804443,6.585360050201416,3935900.0,3.2893033027648926
2003-02-20,6.6599225997924805,6.5227274894714355,6.621150016784668,6.579394817352295,3857800.0,3.2863245010375977
2003-02-21,6.725537300109863,6.576412677764893,6.591324806213379,6.692729949951172,3588600.0,3.3429336547851562
2003-02-24,6.77623987197876,6.686765193939209,6.692729949951172,6.725537300109863,3033000.0,3.3593204021453857
2003-02-25,6.83887243270874,6.665887355804443,6.71658992767334,6.71658992767334,3530200.0,3.354851722717285
2003-02-26,6.83588981628418,6.642027378082275,6.71658992767334,6.758345127105713,4230000.0,3.3757071495056152
2003-02-27,6.859749794006348,6.71658992767334,6.773257732391357,6.764309883117676,4301400.0,3.378685712814331
2003-02-28,6.89852237701416,6.761327266693115,6.761327266693115,6.886592388153076,5196300.0,3.439765691757202
2003-03-03,6.987997531890869,6.850802421569824,6.916417598724365,6.868697643280029,4985000.0,3.4308254718780518
2003-03-04,6.910452365875244,6.829925060272217,6.871679782867432,6.829925060272217,3791400.0,3.4114599227905273
2003-03-05,6.979050159454346,6.841855049133301,6.859749794006348,6.973084926605225,3847100.0,3.4829652309417725
2003-03-06,6.976067543029785,6.889575004577637,6.955190181732178,6.955190181732178,2941400.0,3.4740278720855713
2003-03-07,7.002910137176514,6.886592388153076,6.955190181732178,6.993962287902832,3730400.0,3.4933958053588867
2003-03-10,7.083437442779541,6.967120170593262,7.05361270904541,6.982032299041748,4049200.0,3.487435817718506
2003-03-11,7.116244792938232,6.904487609863281,7.017822265625,6.904487609863281,7336700.0,3.4487040042877197
2003-03-12,6.904487609863281,6.6360626220703125,6.904487609863281,6.704659938812256,7335400.0,3.348893404006958
2003-03-13,6.785187721252441,6.674835205078125,6.770275115966797,6.710625171661377,6798600.0,3.351872205734253
2003-03-14,6.743432521820068,6.627114772796631,6.65693998336792,6.6360626220703125,5617000.0,3.3146283626556396
2003-03-17,6.829925060272217,6.6479926109313965,6.665887355804443,6.826942443847656,8427400.0,3.4099693298339844
2003-03-18,6.919400215148926,6.710625171661377,6.826942443847656,6.895540237426758,7793100.0,3.4442336559295654
2003-03-19,6.970102310180664,6.880627632141113,6.919400215148926,6.95817232131958,6162200.0,3.475517511367798
2003-03-20,7.0446648597717285,6.874662399291992,6.95817232131958,7.014840126037598,7347800.0,3.503822088241577
2003-03-21,7.059577465057373,6.886592388153076,7.05361270904541,6.913434982299805,6261100.0,3.4531729221343994
2003-03-24,6.999927520751953,6.850802421569824,6.964137554168701,6.934312343597412,7543600.0,3.4636003971099854
2003-03-25,7.128174781799316,6.964137554168701,6.979050159454346,6.996944904327393,7025900.0,3.494884490966797
2003-03-26,7.083437442779541,6.976067543029785,6.999927520751953,7.0208048820495605,3591200.0,3.5068023204803467
2003-03-27,7.178877353668213,6.964137554168701,7.005892276763916,7.1222100257873535,4428800.0,3.55745267868042
2003-03-28,7.2474751472473145,7.1222100257873535,7.125192642211914,7.1699299812316895,3799100.0,3.5812883377075195
2003-03-31,7.1878252029418945,7.026770114898682,7.038700103759766,7.149052619934082,6963200.0,3.5708608627319336
2003-04-01,7.277299880981445,7.1460700035095215,7.149052619934082,7.274317264556885,4377200.0,3.633429527282715
2003-04-02,7.322037696838379,7.137122631072998,7.322037696838379,7.202737331390381,5047400.0,3.5976741313934326
2003-04-03,7.2474751472473145,7.083437442779541,7.1878252029418945,7.089402675628662,3860500.0,3.541067123413086
2003-04-04,7.178877353668213,7.089402675628662,7.089402675628662,7.155017375946045,3114800.0,3.5738396644592285
2003-04-07,7.2236151695251465,7.0327348709106445,7.217649936676025,7.0685248374938965,4008300.0,3.530637502670288
2003-04-08,7.041682720184326,6.952207565307617,7.038700103759766,6.970102310180664,4665200.0,3.4814770221710205
2003-04-09,7.0983500480651855,6.940277576446533,6.99098014831543,6.949224948883057,4673900.0,3.471050262451172
2003-04-10,6.937294960021973,6.850802421569824,6.934312343597412,6.895540237426758,7276400.0,3.4442336559295654
2003-04-11,6.928347587585449,6.83887243270874,6.89852237701416,6.871679782867432,2968600.0,3.432316780090332
2003-04-14,6.949224948883057,6.853785037994385,6.889575004577637,6.919400215148926,2671200.0,3.45615291595459
2003-04-15,7.023787498474121,6.874662399291992,6.874662399291992,7.008874893188477,4988000.0,3.5008432865142822
2003-04-16,7.035717487335205,6.874662399291992,7.008874893188477,6.895540237426758,5666000.0,3.4442336559295654
2003-04-17,6.982032299041748,6.83887243270874,6.844837665557861,6.922382354736328,4921700.0,3.457641363143921
2003-04-21,6.964137554168701,6.880627632141113,6.934312343597412,6.89852237701416,3393100.0,3.4457242488861084
2003-04-22,6.946242332458496,6.800099849700928,6.89852237701416,6.925364971160889,4584000.0,3.4591307640075684
2003-04-23,6.928347587585449,6.788169860839844,6.895540237426758,6.841855049133301,4318800.0,3.417419672012329
2003-04-24,6.913434982299805,6.800099849700928,6.800099849700928,6.815012454986572,5953000.0,3.404010534286499
2003-04-25,6.815012454986572,6.704659938812256,6.815012454986572,6.761327266693115,4517000.0,3.377196788787842
2003-04-28,6.895540237426758,6.794135093688965,6.820977687835693,6.844837665557861,3795100.0,3.418907880783081
2003-04-29,6.844837665557861,6.710625171661377,6.844837665557861,6.728519916534424,3968400.0,3.3608105182647705
2003-04-30,6.829925060272217,6.71658992767334,6.758345127105713,6.791152477264404,8492500.0,3.392094373703003
2003-05-01,6.83588981628418,6.7195725440979,6.806065082550049,6.806065082550049,3899000.0,3.3995413780212402
2003-05-02,6.943260192871094,6.809047698974609,6.817995071411133,6.916417598724365,4388200.0,3.454662322998047
2003-05-05,6.964137554168701,6.859749794006348,6.89852237701416,6.919400215148926,2420700.0,3.45615291595459
2003-05-06,7.038700103759766,6.934312343597412,6.970102310180664,6.985014915466309,3662300.0,3.4889252185821533
2003-05-07,7.1699299812316895,6.993962287902832,6.993962287902832,7.11326265335083,7006800.0,3.5529842376708984
2003-05-08,7.160982608795166,7.0208048820495605,7.026770114898682,7.047647476196289,3817900.0,3.520210027694702
2003-05-09,7.131157398223877,6.979050159454346,7.131157398223877,7.008874893188477,3504400.0,3.5008432865142822
2003-05-12,7.0804548263549805,6.970102310180664,7.008874893188477,7.0327348709106445,3969800.0,3.5127615928649902
2003-05-13,7.217649936676025,7.017822265625,7.0327348709106445,7.166947364807129,2785500.0,3.579798460006714
2003-05-14,7.328002452850342,7.1878252029418945,7.1878252029418945,7.2474751472473145,5201300.0,3.6200222969055176
2003-05-15,7.357827663421631,7.286247730255127,7.307125091552734,7.330985069274902,3050700.0,3.6617345809936523
2003-05-16,7.405547618865967,7.262387275695801,7.330985069274902,7.360809803009033,2678600.0,3.6766293048858643
2003-05-19,7.265369892120361,7.128174781799316,7.262387275695801,7.1341400146484375,2497900.0,3.67834734916687
2003-05-20,7.205719947814941,7.0983500480651855,7.163965225219727,7.1401047706604,3454400.0,3.6814236640930176
2003-05-21,7.286247730255127,7.077472686767578,7.1401047706604,7.262387275695801,4382200.0,3.744471311569214
2003-05-22,7.319055080413818,7.2236151695251465,7.262387275695801,7.307125091552734,4306100.0,3.767540216445923
2003-05-23,7.500987529754639,7.274317264556885,7.307125091552734,7.47116231918335,5354500.0,3.8521151542663574
2003-05-27,7.665025234222412,7.456250190734863,7.465197563171387,7.641164779663086,4668900.0,3.9397687911987305
2003-05-28,7.659060001373291,7.560637474060059,7.647130012512207,7.572567462921143,4167300.0,3.9043996334075928
2003-05-29,7.751517295837402,7.551690101623535,7.751517295837402,7.563620090484619,8428800.0,3.8997859954833984
2003-05-30,7.712745189666748,7.5964274406433105,7.6202874183654785,7.6739726066589355,5347100.0,3.956683397293091
2003-06-02,7.757482528686523,7.6202874183654785,7.682919979095459,7.71572732925415,5019900.0,3.978212356567383
2003-06-03,7.793272495269775,7.623270034790039,7.7336225509643555,7.793272495269775,5917800.0,4.018194198608398
2003-06-04,7.900642395019531,7.760465145111084,7.781342506408691,7.840992450714111,4436200.0,4.042797088623047
2003-06-05,7.891695022583008,7.665025234222412,7.679937362670898,7.891695022583008,6106900.0,4.068942070007324
2003-06-06,8.02292537689209,7.855905055999756,7.978187561035156,7.900642395019531,5103700.0,4.073554992675781
2003-06-09,7.918537616729736,7.796255111694336,7.846957683563232,7.826079845428467,2908600.0,4.0351104736328125
2003-06-10,7.912572383880615,7.802219867706299,7.873799800872803,7.864852428436279,2589400.0,4.055100440979004
2003-06-11,8.052749633789062,7.888712406158447,7.888712406158447,8.052749633789062,3259300.0,4.151979923248291
2003-06-12,8.11240005493164,7.921520233154297,8.037837028503418,7.948362350463867,3646900.0,4.09815788269043
2003-06-13,7.948362350463867,7.838009834289551,7.948362350463867,7.92748498916626,2731900.0,4.087393283843994
2003-06-16,8.052749633789062,7.894677639007568,8.002047538757324,8.052749633789062,3100400.0,4.151979923248291
2003-06-17,8.061697959899902,7.903625011444092,8.04976749420166,7.957310199737549,2748700.0,4.102771759033203
2003-06-18,8.028889656066895,7.876782417297363,7.975204944610596,7.92748498916626,2613500.0,4.087393283843994
2003-06-19,7.966257572174072,7.77537727355957,7.92748498916626,7.894677639007568,4454900.0,4.0704803466796875
2003-06-20,8.070645332336426,7.933450222015381,7.963274955749512,8.002047538757324,5551000.0,4.125838279724121
2003-06-23,8.01397705078125,7.855905055999756,8.005029678344727,7.897659778594971,3667300.0,4.072016716003418
2003-06-24,7.897659778594971,7.778359889984131,7.897659778594971,7.793272495269775,4406000.0,4.018194198608398
2003-06-25,7.939414978027344,7.784325122833252,7.843975067138672,7.80818510055542,2995800.0,4.025883197784424
2003-06-26,7.903625011444092,7.739587306976318,7.769412517547607,7.7992377281188965,3983900.0,4.021271705627441
2003-06-27,7.903625011444092,7.703797340393066,7.7992377281188965,7.8230977058410645,3591600.0,4.033573150634766
2003-06-30,7.933450222015381,7.805202484130859,7.855905055999756,7.858887672424316,3497700.0,4.05202579498291
2003-07-01,7.915555000305176,7.6859025955200195,7.858887672424316,7.906607627868652,3260000.0,4.076629638671875
2003-07-02,7.945380210876465,7.763447284698486,7.906607627868652,7.933450222015381,3752200.0,4.090471267700195
2003-07-03,7.93046760559082,7.835027694702148,7.93046760559082,7.909589767456055,2297400.0,4.078166961669922
2003-07-07,7.963274955749512,7.864852428436279,7.912572383880615,7.888712406158447,4033800.0,4.067403793334961
2003-07-08,7.972222328186035,7.840992450714111,7.903625011444092,7.966257572174072,5519800.0,4.107385635375977
2003-07-09,8.016960144042969,7.906607627868652,7.975204944610596,7.963274955749512,2512900.0,4.105846881866455
2003-07-10,7.963274955749512,7.772395133972168,7.963274955749512,7.7992377281188965,3230800.0,4.021271705627441
2003-07-11,7.876782417297363,7.787307262420654,7.802219867706299,7.835027694702148,2121700.0,4.0397233963012695
2003-07-14,7.903625011444092,7.769412517547607,7.894677639007568,7.7992377281188965,2594400.0,4.021271705627441
2003-07-15,7.7992377281188965,7.662042617797852,7.7992377281188965,7.665025234222412,4330900.0,3.9520697593688965
2003-07-16,7.724675178527832,7.572567462921143,7.679937362670898,7.6560773849487305,4579700.0,3.9474563598632812
2003-07-17,7.787307262420654,7.575550079345703,7.6560773849487305,7.751517295837402,3335400.0,3.9966659545898438
2003-07-18,7.945380210876465,7.784325122833252,7.826079845428467,7.918537616729736,3540900.0,4.0827813148498535
2003-07-21,7.963274955749512,7.769412517547607,7.918537616729736,7.77537727355957,3182200.0,4.008968353271484
2003-07-22,7.826079845428467,7.7216925621032715,7.77537727355957,7.793272495269775,3181500.0,4.018194198608398
2003-07-23,7.8230977058410645,7.712745189666748,7.814149856567383,7.757482528686523,3129900.0,3.9997429847717285
2003-07-24,7.885729789733887,7.739587306976318,7.739587306976318,7.781342506408691,4358400.0,4.012042999267578
2003-07-25,7.858887672424316,7.694849967956543,7.781342506408691,7.843975067138672,3356900.0,4.044336795806885
2003-07-28,7.843975067138672,7.694849967956543,7.840992450714111,7.760465145111084,5959000.0,4.001278877258301
2003-07-29,7.790289878845215,7.605374813079834,7.784325122833252,7.662042617797852,4598100.0,3.950533390045166
2003-07-30,7.739587306976318,7.6262526512146,7.724675178527832,7.6739726066589355,2772100.0,3.956683397293091
2003-07-31,7.829062461853027,7.659060001373291,7.724675178527832,7.676955223083496,2841500.0,3.9582223892211914
2003-08-01,7.665025234222412,7.542742729187012,7.659060001373291,7.587480068206787,3503700.0,3.9120876789093018
2003-08-04,7.599410057067871,7.486074924468994,7.599410057067871,7.527830123901367,2825800.0,3.881334066390991
2003-08-05,7.554672718048096,7.456250190734863,7.47116231918335,7.459232330322266,4654400.0,3.8459665775299072
2003-08-06,7.602392673492432,7.432390213012695,7.456250190734863,7.569584846496582,3775600.0,3.902860164642334
2003-08-07,7.629234790802002,7.489057540893555,7.551690101623535,7.602392673492432,5208300.0,3.919776439666748
2003-08-08,7.754499912261963,7.6680073738098145,7.694849967956543,7.739587306976318,4358000.0,3.9905149936676025
2003-08-11,7.948362350463867,7.7216925621032715,7.739587306976318,7.948362350463867,5625800.0,4.09815788269043
2003-08-12,7.978187561035156,7.873799800872803,7.948362350463867,7.978187561035156,4315500.0,4.1135358810424805
2003-08-13,8.133277893066406,8.052749633789062,8.082574844360352,8.127312660217285,7099000.0,4.190425395965576
2003-08-14,8.186962127685547,8.121347427368164,8.127312660217285,8.178014755249023,7877600.0,4.216567516326904
2003-08-15,8.207839965820312,8.11240005493164,8.207839965820312,8.163102149963379,6405300.0,4.2088775634765625
2003-08-18,8.11240005493164,8.043802261352539,8.082574844360352,8.073627471923828,4105600.0,4.294259548187256
2003-08-19,8.067662239074707,7.984152317047119,8.008012771606445,8.052749633789062,2825400.0,4.283155918121338
2003-08-20,8.04976749420166,7.966257572174072,7.978187561035156,8.02292537689209,2752300.0,4.267292499542236
2003-08-21,8.115382194519043,8.025907516479492,8.037837028503418,8.11240005493164,3733700.0,4.314883708953857
2003-08-22,8.130294799804688,7.972222328186035,8.088540077209473,7.999064922332764,3081600.0,4.254599571228027
2003-08-25,8.11240005493164,8.04976749420166,8.064680099487305,8.088540077209473,3169100.0,4.302191257476807
2003-08-26,8.073627471923828,7.978187561035156,8.067662239074707,8.034854888916016,3634500.0,4.273637294769287
2003-08-27,8.183979988098145,8.043802261352539,8.052749633789062,8.180997848510742,3356200.0,4.351367473602295
2003-08-28,8.255559921264648,8.082574844360352,8.201874732971191,8.255559921264648,6538100.0,4.391027927398682
2003-08-29,8.318192481994629,8.183979988098145,8.255559921264648,8.318192481994629,3209700.0,4.424339771270752
2003-09-02,8.458370208740234,8.264507293701172,8.327139854431152,8.455387115478516,6240000.0,4.497313022613525
2003-09-03,8.556792259216309,8.410650253295898,8.482230186462402,8.541879653930664,5410500.0,4.5433173179626465
2003-09-04,8.634337425231934,8.53591537475586,8.541879653930664,8.589599609375,6110600.0,4.568698406219482
2003-09-05,8.634337425231934,8.550827026367188,8.565739631652832,8.571704864501953,4851200.0,4.559180736541748
2003-09-08,8.789427757263184,8.693987846374512,8.708900451660156,8.774515151977539,8004600.0,4.66705322265625
2003-09-09,8.747672080993652,8.604512214660645,8.747672080993652,8.628372192382812,5712600.0,4.589322090148926
2003-09-10,8.679075241088867,8.50012493133545,8.679075241088867,8.541879653930664,5051800.0,4.5433173179626465
2003-09-11,8.583635330200195,8.431527137756348,8.550827026367188,8.482230186462402,5449100.0,4.511590957641602
2003-09-12,8.556792259216309,8.440475463867188,8.529950141906738,8.541879653930664,3403800.0,4.5433173179626465
2003-09-15,8.544862747192383,8.410650253295898,8.50012493133545,8.544862747192383,2353700.0,4.544902801513672
2003-09-16,8.529950141906738,8.440475463867188,8.482230186462402,8.473282814025879,2456600.0,4.506831169128418
2003-09-17,8.515037536621094,8.359947204589844,8.515037536621094,8.377842903137207,4235300.0,4.45606803894043
2003-09-18,8.419597625732422,8.321174621582031,8.377842903137207,8.419597625732422,4234700.0,4.478275775909424
2003-09-19,8.464335441589355,8.383807182312012,8.419597625732422,8.455387115478516,2784900.0,4.497313022613525
2003-09-22,8.440475463867188,8.356965065002441,8.440475463867188,8.4136323928833,2601500.0,4.475103378295898
2003-09-23,8.491177558898926,8.371877670288086,8.473282814025879,8.4136323928833,2367800.0,4.475103378295898
2003-09-24,8.518019676208496,8.416614532470703,8.47029972076416,8.455387115478516,5494300.0,4.497313022613525
2003-09-25,8.488195419311523,8.333105087280273,8.47029972076416,8.365912437438965,4229000.0,4.449723720550537
2003-09-26,8.452404975891113,8.276437759399414,8.35099983215332,8.404685020446777,4937800.0,4.470343589782715
2003-09-29,8.446439743041992,8.336087226867676,8.440475463867188,8.404685020446777,2086100.0,4.470343589782715
2003-09-30,8.52696704864502,8.285385131835938,8.40766716003418,8.50012493133545,3161700.0,4.521108150482178
2003-10-01,8.693987846374512,8.50012493133545,8.50012493133545,8.685040473937988,4708100.0,4.619462490081787
2003-10-02,8.6552152633667,8.580652236938477,8.643284797668457,8.622407913208008,2842200.0,4.586148262023926
2003-10-03,8.708900451660156,8.607495307922363,8.643284797668457,8.640302658081055,3605600.0,4.595667362213135
2003-10-06,8.661179542541504,8.583635330200195,8.640302658081055,8.658197402954102,2654400.0,4.605185031890869
2003-10-07,8.798375129699707,8.607495307922363,8.619424819946289,8.783462524414062,3784700.0,4.671810626983643
2003-10-08,8.798375129699707,8.702935218811035,8.798375129699707,8.798375129699707,3310300.0,4.67974328994751
2003-10-09,8.828200340270996,8.753637313842773,8.825217247009277,8.822235107421875,3123800.0,4.692431926727295
2003-10-10,9.022062301635742,8.819252967834473,8.846095085144043,9.010132789611816,6152200.0,4.792375087738037
2003-10-13,9.090660095214844,8.995220184326172,9.007149696350098,9.051887512207031,2723800.0,4.8145833015441895
2003-10-14,9.051887512207031,8.950482368469238,9.051887512207031,9.022062301635742,3356900.0,4.798719882965088
2003-10-15,9.048905372619629,8.908727645874023,9.042940139770508,8.98328971862793,3284100.0,4.7780985832214355
2003-10-16,9.028027534484863,8.950482368469238,8.971360206604004,9.007149696350098,2979300.0,4.790787220001221
2003-10-17,9.11153793334961,8.905744552612305,9.11153793334961,8.971360206604004,3048400.0,4.771751403808594
2003-10-20,8.959429740905762,8.849077224731445,8.947500228881836,8.935569763183594,2508200.0,4.752715110778809
2003-10-21,8.938552856445312,8.849077224731445,8.935569763183594,8.911709785461426,3429000.0,4.740024566650391
2003-10-22,8.923640251159668,8.810304641723633,8.887849807739258,8.83714771270752,2067700.0,4.700367450714111
2003-10-23,8.890832901000977,8.679075241088867,8.83714771270752,8.813287734985352,4201500.0,4.687676906585693
2003-10-24,8.813287734985352,8.679075241088867,8.813287734985352,8.729777336120605,2257100.0,4.643258571624756
2003-10-27,8.855042457580566,8.729777336120605,8.786444664001465,8.80732250213623,3871200.0,4.684503078460693
2003-10-28,8.828200340270996,8.738724708557129,8.828200340270996,8.74468994140625,4259500.0,4.651188850402832
2003-10-29,8.765567779541016,8.643284797668457,8.747672080993652,8.705917358398438,5055400.0,4.63056755065918
2003-10-30,8.732760429382324,8.613459587097168,8.723812103271484,8.696969985961914,3985900.0,4.625808238983154
2003-10-31,8.828200340270996,8.658197402954102,8.726795196533203,8.819252967834473,4147100.0,4.6908464431762695
2003-11-03,8.887849807739258,8.786444664001465,8.858024597167969,8.855042457580566,3305200.0,4.709884166717529
2003-11-04,8.8341646194458,8.726795196533203,8.813287734985352,8.753637313842773,2547100.0,4.655948638916016
2003-11-05,8.777497291564941,8.613459587097168,8.753637313842773,8.762584686279297,4023100.0,4.660706996917725
2003-11-06,8.795392036437988,8.679075241088867,8.765567779541016,8.774515151977539,2908600.0,4.66705322265625
2003-11-07,8.884867668151855,8.738724708557129,8.798375129699707,8.872937202453613,2998800.0,4.719402313232422
2003-11-10,8.887849807739258,8.720829963684082,8.869955062866211,8.735742568969727,2560900.0,4.646430492401123
2003-11-11,8.711882591247559,8.619424819946289,8.702935218811035,8.68205738067627,1918800.0,4.6178765296936035
2003-11-12,8.71784782409668,8.619424819946289,8.68205738067627,8.708900451660156,3089300.0,4.63215446472168
2003-11-13,8.828200340270996,8.685040473937988,8.708900451660156,8.828200340270996,2699000.0,4.695606708526611
2003-11-14,8.977325439453125,8.813287734985352,8.846095085144043,8.8997802734375,3964100.0,4.733678340911865
2003-11-17,8.798375129699707,8.595564842224121,8.798375129699707,8.753637313842773,3357200.0,4.790516376495361
2003-11-18,8.768549919128418,8.619424819946289,8.738724708557129,8.634337425231934,3866200.0,4.725228786468506
2003-11-19,8.738724708557129,8.628372192382812,8.664162635803223,8.702935218811035,4279200.0,4.762768268585205
2003-11-20,8.738724708557129,8.634337425231934,8.691004753112793,8.679075241088867,2904600.0,4.7497124671936035
2003-11-21,8.753637313842773,8.679075241088867,8.753637313842773,8.720829963684082,3951700.0,4.772562026977539
2003-11-24,8.762584686279297,8.65223217010498,8.720829963684082,8.735742568969727,2740600.0,4.780721664428711
2003-11-25,8.855042457580566,8.711882591247559,8.750655174255371,8.846095085144043,3227100.0,4.841114521026611
2003-11-26,8.878902435302734,8.798375129699707,8.846095085144043,8.849077224731445,2707700.0,4.842747211456299
2003-11-28,8.858024597167969,8.759602546691895,8.789427757263184,8.831182479858398,844900.0,4.8329548835754395
2003-12-01,8.98328971862793,8.828200340270996,8.84311294555664,8.96241283416748,2859000.0,4.904771327972412
2003-12-02,9.090660095214844,8.938552856445312,8.968377113342285,9.004167556762695,3053100.0,4.927621841430664
2003-12-03,9.08171272277832,8.884867668151855,9.007149696350098,8.890832901000977,5439000.0,4.865596771240234
2003-12-04,8.998202323913574,8.893815040588379,8.893815040588379,8.995220184326172,4621900.0,4.92272424697876
2003-12-05,9.054869651794434,8.965394973754883,8.977325439453125,9.013114929199219,3954400.0,4.93251895904541
2003-12-08,9.051887512207031,8.98328971862793,9.036974906921387,9.013114929199219,4337900.0,4.93251895904541
2003-12-09,9.078729629516602,9.01908016204834,9.036974906921387,9.036974906921387,5931600.0,4.945575714111328
2003-12-10,9.10258960723877,9.028027534484863,9.048905372619629,9.084694862365723,4652100.0,4.971692085266113
2003-12-11,9.239785194396973,9.042940139770508,9.093642234802246,9.206977844238281,4317100.0,5.038611888885498
2003-12-12,9.245750427246094,9.171187400817871,9.212942123413086,9.212942123413086,3136200.0,5.041877269744873
2003-12-15,9.245750427246094,9.084694862365723,9.215925216674805,9.093642234802246,3569800.0,4.976587772369385
2003-12-16,9.206977844238281,9.08171272277832,9.135397911071777,9.168205261230469,5772000.0,5.017392635345459
2003-12-17,9.275574684143066,9.168205261230469,9.168205261230469,9.26364517211914,7306200.0,5.069623947143555
2003-12-18,9.633475303649902,9.278557777404785,9.299434661865234,9.585755348205566,5318300.0,5.2459001541137695
2003-12-19,9.645404815673828,9.552947044372559,9.633475303649902,9.588737487792969,5740100.0,5.247531890869141
2003-12-22,9.639439582824707,9.570842742919922,9.606632232666016,9.612597465515137,2905900.0,5.260592460632324
2003-12-23,9.633475303649902,9.526104927062988,9.612597465515137,9.591719627380371,2545100.0,5.2491655349731445
2003-12-24,9.767687797546387,9.597684860229492,9.600667953491211,9.708037376403809,2347600.0,5.312823295593262
2003-12-26,9.794529914855957,9.708037376403809,9.749792098999023,9.743827819824219,1666000.0,5.332408905029297
2003-12-29,9.907864570617676,9.770669937133789,9.809442520141602,9.901900291442871,2299700.0,5.41891622543335
2003-12-30,10.024182319641113,9.889969825744629,9.901900291442871,9.95260238647461,3464200.0,5.446661472320557
2003-12-31,9.991374969482422,9.827337265014648,9.95260238647461,9.86909294128418,3922200.0,5.4009623527526855
2004-01-02,9.991374969482422,9.86909294128418,9.886987686157227,9.916812896728516,3638500.0,5.42707633972168
2004-01-05,10.17032527923584,9.967514991760254,9.991374969482422,10.164360046386719,4277900.0,5.562549591064453
2004-01-06,10.182254791259766,10.101727485656738,10.164360046386719,10.167342185974121,4589100.0,5.564182281494141
2004-01-07,10.167342185974121,9.9854097366333,10.146465301513672,10.125587463378906,4259500.0,5.541330337524414
2004-01-08,10.200149536132812,10.051025390625,10.200149536132812,10.17032527923584,4137100.0,5.565814018249512
2004-01-09,10.215062141418457,10.056989669799805,10.17032527923584,10.14050006866455,4470400.0,5.549490928649902
2004-01-12,10.185237884521484,10.10769271850586,10.143482208251953,10.13453483581543,3472200.0,5.546227931976318
2004-01-13,10.268747329711914,10.158394813537598,10.17032527923584,10.209097862243652,3915100.0,5.587031364440918
2004-01-14,10.209097862243652,10.07786750793457,10.209097862243652,10.128569602966309,5695500.0,5.5429606437683105
2004-01-15,10.176289558410645,9.979445457458496,10.17032527923584,9.991374969482422,5409200.0,5.467881679534912
2004-01-16,10.01523494720459,9.916812896728516,10.01523494720459,9.964532852172852,5193900.0,5.453190326690674
2004-01-20,10.206114768981934,10.036112785339355,10.11365795135498,10.176289558410645,6482800.0,5.56907844543457
2004-01-21,10.298572540283203,10.14050006866455,10.185237884521484,10.283659934997559,4538800.0,5.627837181091309
2004-01-22,10.307519912719727,10.122605323791504,10.28962516784668,10.173307418823242,3448700.0,5.567445278167725
2004-01-23,10.277694702148438,10.14050006866455,10.215062141418457,10.209097862243652,5429000.0,5.587031364440918
2004-01-26,10.337345123291016,10.10470962524414,10.209097862243652,10.307519912719727,3974100.0,5.640892028808594
2004-01-27,10.349274635314941,10.045060157775879,10.349274635314941,10.274712562561035,4546500.0,5.622939109802246
2004-01-28,10.28962516784668,9.976462364196777,10.274712562561035,9.976462364196777,5989200.0,5.459717750549316
2004-01-29,10.030147552490234,9.708037376403809,9.976462364196777,9.824355125427246,7711600.0,5.376476764678955
2004-01-30,9.782600402832031,9.62154483795166,9.764704704284668,9.687159538269043,4887500.0,5.301397800445557
2004-02-02,9.800495147705078,9.582772254943848,9.687159538269043,9.737862586975098,5961700.0,5.329143047332764
2004-02-03,9.842249870300293,9.588737487792969,9.67821216583252,9.791547775268555,3368600.0,5.358522891998291
2004-02-04,9.77663516998291,9.508210182189941,9.7408447265625,9.508210182189941,5416900.0,5.203464984893799
2004-02-05,9.567859649658203,9.43961238861084,9.543999671936035,9.442594528198242,4130400.0,5.1675567626953125
2004-02-06,9.639439582824707,9.43961238861084,9.514175415039062,9.62154483795166,2891100.0,5.265487194061279
2004-02-09,9.785582542419434,9.588737487792969,9.62154483795166,9.705055236816406,3813900.0,5.311190605163574
2004-02-10,9.80347728729248,9.633475303649902,9.648387908935547,9.79751205444336,4129000.0,5.361786842346191
2004-02-11,9.991374969482422,9.749792098999023,9.872075080871582,9.991374969482422,5369900.0,5.467881679534912
2004-02-12,10.033129692077637,9.872075080871582,9.991374969482422,9.955584526062012,3703600.0,5.448291778564453
2004-02-13,10.024182319641113,9.830320358276367,9.949620246887207,9.98839282989502,3646600.0,5.607051849365234
2004-02-17,10.14050006866455,9.98839282989502,9.98839282989502,10.068920135498047,4049600.0,5.652255058288574
2004-02-18,10.200149536132812,10.089797973632812,10.17032527923584,10.110674858093262,5358200.0,5.675693035125732
2004-02-19,10.25979995727539,10.11365795135498,10.11365795135498,10.14050006866455,4153800.0,5.692435264587402
2004-02-20,10.247870445251465,10.036112785339355,10.229974746704102,10.10769271850586,3931600.0,5.674018383026123
2004-02-23,10.176289558410645,10.086814880371094,10.155412673950195,10.149447441101074,2508200.0,5.697460174560547
2004-02-24,10.247870445251465,10.110674858093262,10.14050006866455,10.131552696228027,3056400.0,5.687414169311523
2004-02-25,10.212080001831055,10.089797973632812,10.13453483581543,10.176289558410645,2550200.0,5.712526798248291
2004-02-26,10.292607307434082,10.158394813537598,10.167342185974121,10.271730422973633,2602100.0,5.766103744506836
2004-02-27,10.53419017791748,10.25383472442627,10.274712562561035,10.480504989624023,4446600.0,5.883301258087158
2004-03-01,10.82945728302002,10.477522850036621,10.483487129211426,10.754895210266113,7288500.0,6.037333011627197
2004-03-02,10.760860443115234,10.441732406616211,10.707175254821777,10.453662872314453,6694300.0,5.8682332038879395
2004-03-03,10.52822494506836,10.355239868164062,10.388047218322754,10.489452362060547,3574500.0,5.888324737548828
2004-03-04,10.483487129211426,10.37313461303711,10.468574523925781,10.429802894592285,2723800.0,5.854839324951172
2004-03-05,10.578927040100098,10.40892505645752,10.432785034179688,10.53419017791748,4057600.0,5.913437843322754
2004-03-08,10.677350044250488,10.558050155639648,10.596822738647461,10.587875366210938,1792700.0,5.943573474884033
2004-03-09,10.599804878234863,10.510330200195312,10.52822494506836,10.549102783203125,2928400.0,5.921812057495117
2004-03-10,10.638577461242676,10.394012451171875,10.608752250671387,10.396994590759277,3868500.0,5.836422443389893
2004-03-11,10.411907196044922,10.161377906799316,10.391030311584473,10.173307418823242,3613700.0,5.710853576660156
2004-03-12,10.31646728515625,10.137517929077148,10.274712562561035,10.2955904006958,2740900.0,5.77949857711792
2004-03-15,10.385065078735352,10.262782096862793,10.331379890441895,10.298572540283203,3579200.0,5.781173229217529
2004-03-16,10.370152473449707,10.244887351989746,10.349274635314941,10.280677795410156,3274400.0,5.771127223968506
2004-03-17,10.522259712219238,10.274712562561035,10.301554679870605,10.495417594909668,3083600.0,5.8916730880737305
2004-03-18,10.578927040100098,10.41489028930664,10.444714546203613,10.56103229522705,3640200.0,5.9285078048706055
2004-03-19,10.59085750579834,10.125587463378906,10.558050155639648,10.131552696228027,8737600.0,5.687414169311523
2004-03-22,10.10769271850586,9.898917198181152,9.940672874450684,9.973480224609375,6768400.0,5.598678112030029
2004-03-23,9.961549758911133,9.731897354125977,9.961549758911133,9.881022453308105,8510300.0,5.546778678894043
2004-03-24,9.886987686157227,9.591719627380371,9.872075080871582,9.627510070800781,7338100.0,5.404468059539795
2004-03-25,9.588737487792969,9.153292655944824,9.585755348205566,9.180134773254395,20929400.0,5.153329849243164
2004-03-26,9.394874572753906,9.036974906921387,9.11153793334961,9.394874572753906,41755900.0,5.273874759674072
2004-03-29,9.520139694213867,9.3203125,9.394874572753906,9.394874572753906,11509100.0,5.273874759674072
2004-03-30,9.848215103149414,9.442594528198242,9.543999671936035,9.746809959411621,15206700.0,5.471434593200684
2004-03-31,10.089797973632812,9.842249870300293,9.842249870300293,10.04207706451416,18307400.0,5.63718843460083
2004-04-01,10.200149536132812,9.746809959411621,10.080849647521973,9.80347728729248,14506900.0,5.503247261047363
2004-04-02,9.892952919006348,9.663299560546875,9.842249870300293,9.770669937133789,9774600.0,5.484830856323242
2004-04-05,9.889969825744629,9.758740425109863,9.827337265014648,9.886987686157227,5395800.0,5.550125598907471
2004-04-06,9.943655014038086,9.752775192260742,9.827337265014648,9.886987686157227,5853800.0,5.550125598907471
2004-04-07,9.901900291442871,9.693124771118164,9.901900291442871,9.812424659729004,6508200.0,5.508270263671875
2004-04-08,10.059972763061523,9.845232963562012,9.857162475585938,10.021200180053711,9036000.0,5.625467300415039
2004-04-12,10.229974746704102,10.045060157775879,10.065937042236328,10.155412673950195,7892700.0,5.700809478759766
2004-04-13,10.28962516784668,10.000322341918945,10.28962516784668,10.04207706451416,8487100.0,5.63718843460083
2004-04-14,10.080849647521973,9.857162475585938,10.056989669799805,9.95260238647461,6609200.0,5.586957931518555
2004-04-15,10.17032527923584,9.949620246887207,10.006287574768066,10.137517929077148,5934200.0,5.6907639503479
2004-04-16,10.271730422973633,10.125587463378906,10.229974746704102,10.262782096862793,5014200.0,5.761081218719482
2004-04-19,10.25979995727539,10.10470962524414,10.25979995727539,10.229974746704102,6420400.0,5.742664813995361
2004-04-20,10.229974746704102,9.92277717590332,10.229974746704102,9.931724548339844,3879900.0,5.5752387046813965
2004-04-21,10.021200180053711,9.767687797546387,9.901900291442871,9.970497131347656,6283900.0,5.59700345993042
2004-04-22,10.173307418823242,9.89593505859375,9.973480224609375,10.128569602966309,5609000.0,5.6857380867004395
2004-04-23,10.262782096862793,9.991374969482422,10.080849647521973,10.164360046386719,6593400.0,5.7058329582214355
2004-04-26,10.343310356140137,10.17032527923584,10.17032527923584,10.241905212402344,7510800.0,5.749361038208008
2004-04-27,10.605770111083984,10.241905212402344,10.28962516784668,10.480504989624023,8148500.0,5.883301258087158
2004-04-28,10.438750267028809,10.152429580688477,10.43576717376709,10.200149536132812,6819100.0,5.725920677185059
2004-04-29,10.229974746704102,9.809442520141602,10.229974746704102,9.86909294128418,5706600.0,5.54008150100708
2004-04-30,10.051025390625,9.949620246887207,9.961549758911133,10.009269714355469,6930400.0,5.618768215179443
2004-05-03,10.14050006866455,9.946637153625488,10.056989669799805,10.062954902648926,8536100.0,5.648907661437988
2004-05-04,10.28962516784668,10.080849647521973,10.137517929077148,10.235939979553223,5672700.0,5.7460126876831055
2004-05-05,10.319450378417969,10.110674858093262,10.200149536132812,10.304537773132324,5665700.0,5.784523010253906
2004-05-06,10.394012451171875,10.185237884521484,10.304537773132324,10.355239868164062,6112900.0,5.8129801750183105
2004-05-07,10.334362030029297,10.018217086791992,10.301554679870605,10.04207706451416,3670000.0,5.63718843460083
2004-05-10,9.982427597045898,9.654352188110352,9.982427597045898,9.737862586975098,5294500.0,5.4664130210876465
2004-05-11,10.07786750793457,9.737862586975098,9.7408447265625,10.051025390625,6321200.0,5.642211437225342
2004-05-12,10.17032527923584,9.925760269165039,10.051025390625,10.10769271850586,4747000.0,5.674018383026123
2004-05-13,10.14050006866455,9.812424659729004,10.10769271850586,9.875057220458984,8671200.0,5.543428897857666
2004-05-14,10.098745346069336,9.86014461517334,9.931724548339844,10.018217086791992,6889800.0,5.623791694641113
2004-05-17,10.07786750793457,9.86014461517334,9.95856761932373,9.872075080871582,6487800.0,5.683586120605469
2004-05-18,9.916812896728516,9.716984748840332,9.916812896728516,9.761722564697266,4475700.0,5.620055198669434
2004-05-19,9.836284637451172,9.543999671936035,9.779617309570312,9.609615325927734,6856300.0,5.532480716705322
2004-05-20,9.737862586975098,9.612597465515137,9.645404815673828,9.67821216583252,4174000.0,5.57197380065918
2004-05-21,9.788564682006836,9.597684860229492,9.788564682006836,9.687159538269043,3643900.0,5.577127456665039
2004-05-24,9.80347728729248,9.612597465515137,9.699090003967285,9.770669937133789,6507200.0,5.62520694732666
2004-05-25,9.9854097366333,9.767687797546387,9.785582542419434,9.9854097366333,4839800.0,5.748834609985352
2004-05-26,10.089797973632812,9.95856761932373,10.039094924926758,10.04207706451416,5829600.0,5.7814621925354
2004-05-27,10.062954902648926,9.773652076721191,10.04207706451416,9.827337265014648,8678900.0,5.657830715179443
2004-05-28,9.976462364196777,9.83330249786377,9.901900291442871,9.943655014038086,5843700.0,5.724795341491699
2004-06-01,10.215062141418457,10.039094924926758,10.039094924926758,10.215062141418457,10293700.0,5.881052494049072
2004-06-02,10.399977684020996,10.200149536132812,10.25383472442627,10.229974746704102,12430500.0,5.889639377593994
2004-06-03,10.271730422973633,10.009269714355469,10.271730422973633,10.027165412902832,7992900.0,5.772876739501953
2004-06-04,10.065937042236328,9.872075080871582,10.054007530212402,9.889969825744629,6314800.0,5.693889617919922
2004-06-07,10.229974746704102,9.916812896728516,9.961549758911133,10.215062141418457,4959500.0,5.881052494049072
2004-06-08,10.411907196044922,10.161377906799316,10.280677795410156,10.200149536132812,9528200.0,5.872467041015625
2004-06-09,10.221027374267578,10.098745346069336,10.200149536132812,10.110674858093262,6550500.0,5.82095193862915
2004-06-10,10.28962516784668,10.17032527923584,10.229974746704102,10.28962516784668,4358400.0,5.923981189727783
2004-06-14,10.250852584838867,10.146465301513672,10.215062141418457,10.176289558410645,6598800.0,5.858729362487793
2004-06-15,10.423837661743164,10.265765190124512,10.286642074584961,10.396994590759277,6305100.0,5.985795021057129
2004-06-16,10.614717483520508,10.43576717376709,10.43576717376709,10.593839645385742,6476100.0,6.099123954772949
2004-06-17,10.883142471313477,10.61769962310791,10.6475248336792,10.844369888305664,10606500.0,6.243358135223389
2004-06-18,10.960687637329102,10.850335121154785,10.868229866027832,10.92788028717041,9238200.0,6.291438102722168
2004-06-21,11.065074920654297,10.889107704162598,11.065074920654297,10.963669776916504,8772500.0,6.312041759490967
2004-06-22,10.963669776916504,10.781737327575684,10.963669776916504,10.895072937011719,12043500.0,6.272550582885742
2004-06-23,11.184374809265137,10.898055076599121,10.978582382202148,11.172445297241211,6014700.0,6.432239532470703
2004-06-24,11.187357902526855,11.008407592773438,11.187357902526855,11.106829643249512,6932100.0,6.394461631774902
2004-06-25,11.235077857971191,11.10384750366211,11.154549598693848,11.160514831542969,7289100.0,6.425373077392578
2004-06-28,11.199287414550781,10.98454761505127,11.187357902526855,11.032267570495605,5333400.0,6.351535320281982
2004-06-29,11.079987525939941,10.936827659606934,10.945775032043457,11.035249710083008,7755900.0,6.353254318237305
2004-06-30,11.294727325439453,11.04718017578125,11.10981273651123,11.28577995300293,6307100.0,6.497488021850586
2004-07-01,11.315605163574219,11.115777969360352,11.235077857971191,11.175427436828613,7403500.0,6.433955669403076
2004-07-02,11.38420295715332,11.1366548538208,11.214200019836426,11.333499908447266,4824400.0,6.524962425231934
2004-07-06,11.578064918518066,11.261919975280762,11.354377746582031,11.282797813415527,7043000.0,6.495772838592529
2004-07-07,11.088934898376465,10.787702560424805,10.945775032043457,11.062092781066895,14826400.0,6.36870813369751
2004-07-08,11.333499908447266,10.960687637329102,11.333499908447266,11.13963794708252,9321700.0,6.413351058959961
2004-07-09,11.22911262512207,11.077005386352539,11.154549598693848,11.077005386352539,6438800.0,6.377291679382324
2004-07-12,11.094900131225586,10.89208984375,11.094900131225586,10.942792892456055,5452400.0,6.300022602081299
2004-07-13,10.94875717163086,10.838404655456543,10.945775032043457,10.886124610900879,5209000.0,6.267397880554199
2004-07-14,11.035249710083008,10.751912117004395,10.751912117004395,11.029285430908203,6507200.0,6.349818229675293
2004-07-15,11.16648006439209,10.993494987487793,11.020337104797363,11.097882270812988,3954400.0,6.389313220977783
2004-07-16,11.22911262512207,11.16648006439209,11.214200019836426,11.211217880249023,4143100.0,6.454562187194824
2004-07-19,11.264902114868164,11.097882270812988,11.214200019836426,11.160514831542969,3908400.0,6.425373077392578
2004-07-20,11.205252647399902,11.079987525939941,11.19332218170166,11.205252647399902,3496000.0,6.451127529144287
2004-07-21,11.297710418701172,11.008407592773438,11.208234786987305,11.023320198059082,9329700.0,6.346385955810547
2004-07-22,11.19332218170166,11.005425453186035,11.094900131225586,11.065074920654297,7355900.0,6.370423316955566
2004-07-23,11.106829643249512,10.904020309448242,11.106829643249512,10.99051284790039,4098900.0,6.327497959136963
2004-07-26,11.106829643249512,10.844369888305664,11.094900131225586,10.89208984375,4326900.0,6.270833969116211
2004-07-27,11.065074920654297,10.438750267028809,10.438750267028809,10.972617149353027,10536700.0,6.317192554473877
2004-07-28,11.065074920654297,10.886124610900879,10.975600242614746,10.996477127075195,5471900.0,6.330931663513184
2004-07-29,11.190340042114258,11.002442359924316,11.079987525939941,11.16648006439209,5368600.0,6.42880392074585
2004-07-30,11.270867347717285,11.151567459106445,11.199287414550781,11.235077857971191,4979000.0,6.468297004699707
2004-08-02,11.288762092590332,11.04718017578125,11.241042137145996,11.22911262512207,5643900.0,6.4648637771606445
2004-08-03,11.345430374145508,11.211217880249023,11.252972602844238,11.235077857971191,5539600.0,6.468297004699707
2004-08-04,11.238059997558594,10.868229866027832,11.238059997558594,10.901037216186523,9899700.0,6.275985240936279
2004-08-05,11.005425453186035,10.671384811401367,10.960687637329102,10.677350044250488,8657800.0,6.147202491760254
2004-08-06,10.701210021972656,10.489452362060547,10.677350044250488,10.489452362060547,4753700.0,6.039024353027344
2004-08-09,10.793667793273926,10.531207084655762,10.56401538848877,10.71015739440918,4470000.0,6.166089057922363
2004-08-10,10.793667793273926,10.572962760925293,10.793667793273926,10.602787971496582,4497200.0,6.104273796081543
2004-08-11,10.632612228393555,10.355239868164062,10.546119689941406,10.396994590759277,8484100.0,5.985795021057129
2004-08-12,10.438750267028809,10.304537773132324,10.402959823608398,10.325414657592773,6107600.0,5.944583892822266
2004-08-13,10.522259712219238,10.328397750854492,10.361205101013184,10.486470222473145,5314300.0,6.037307262420654
2004-08-16,10.793667793273926,10.40892505645752,10.49839973449707,10.623664855957031,6697400.0,6.265669822692871
2004-08-17,10.578927040100098,10.265765190124512,10.558050155639648,10.271730422973633,7049700.0,6.058104991912842
2004-08-18,10.367170333862305,10.152429580688477,10.319450378417969,10.31646728515625,8311400.0,6.0844879150390625
2004-08-19,10.361205101013184,10.244887351989746,10.349274635314941,10.277694702148438,5414500.0,6.061622142791748
2004-08-20,10.391030311584473,10.224010467529297,10.319450378417969,10.25383472442627,8817000.0,6.047548770904541
2004-08-23,10.313485145568848,10.125587463378906,10.2955904006958,10.13453483581543,7609300.0,5.977187156677246
2004-08-24,10.229974746704102,10.006287574768066,10.137517929077148,10.229974746704102,10678600.0,6.033476829528809
2004-08-25,10.417872428894043,10.265765190124512,10.304537773132324,10.40892505645752,9155700.0,6.139019012451172
2004-08-26,10.572962760925293,10.331379890441895,10.411907196044922,10.543137550354004,7928500.0,6.218175888061523
2004-08-27,10.644542694091797,10.543137550354004,10.572962760925293,10.614717483520508,4020100.0,6.2603912353515625
2004-08-30,10.68331527709961,10.507347106933594,10.662437438964844,10.56401538848877,4735600.0,6.230490684509277
2004-08-31,10.817527770996094,10.566997528076172,10.587875366210938,10.817527770996094,6155200.0,6.380007266998291
2004-09-01,10.92788028717041,10.766824722290039,10.817527770996094,10.92788028717041,6352000.0,6.445090293884277
2004-09-02,11.094900131225586,11.005425453186035,11.094900131225586,11.059109687805176,6478100.0,6.522488117218018
2004-09-03,11.053145408630371,10.880160331726074,11.050162315368652,11.005425453186035,5605600.0,6.490825176239014
2004-09-07,11.04718017578125,10.886124610900879,11.005425453186035,11.035249710083008,7407800.0,6.508415699005127
2004-09-08,11.062092781066895,10.987529754638672,11.035249710083008,11.035249710083008,7595300.0,6.508415699005127
2004-09-09,11.241042137145996,11.026302337646484,11.035249710083008,11.208234786987305,8098500.0,6.610439300537109
2004-09-10,11.264902114868164,11.127707481384277,11.244025230407715,11.16648006439209,6158200.0,6.585812091827393
2004-09-13,11.300692558288574,11.202269554138184,11.202269554138184,11.244025230407715,7490300.0,6.6315484046936035
2004-09-14,11.38420295715332,11.241042137145996,11.327534675598145,11.357359886169434,7526900.0,6.698390960693359
2004-09-15,11.390167236328125,11.273850440979004,11.363325119018555,11.330517768859863,6701700.0,6.682562828063965
2004-09-16,11.3782377243042,11.276832580566406,11.3782377243042,11.369290351867676,4067700.0,6.705424785614014
2004-09-17,11.575082778930664,11.393150329589844,11.41104507446289,11.542275428771973,5703900.0,6.807453155517578
2004-09-20,11.631750106811523,11.53034496307373,11.542275428771973,11.598942756652832,6000600.0,6.840872287750244
2004-09-21,12.013509750366211,11.607890129089355,11.631750106811523,11.968772888183594,6221200.0,7.058994293212891
2004-09-22,11.968772888183594,11.7987699508667,11.968772888183594,11.930000305175781,5996300.0,7.036127090454102
2004-09-23,11.88824462890625,11.709295272827148,11.858420372009277,11.807717323303223,4767400.0,6.964004039764404
2004-09-24,12.177547454833984,11.900175094604492,11.959824562072754,12.085089683532715,8926400.0,7.127593040466309
2004-09-27,12.213337898254395,11.974737167358398,12.108949661254883,12.067194938659668,5662600.0,7.11704158782959
2004-09-28,12.40719985961914,12.144740104675293,12.216320037841797,12.383339881896973,6655800.0,7.303498268127441
2004-09-29,12.40719985961914,12.076142311096191,12.386322975158691,12.177547454833984,7662600.0,7.182124137878418
2004-09-30,12.37439250946045,12.171582221984863,12.177547454833984,12.311759948730469,6797300.0,7.261279106140137
2004-10-01,12.517552375793457,12.296847343444824,12.31772518157959,12.514570236206055,4804300.0,7.380896091461182
2004-10-04,12.514570236206055,12.389305114746094,12.514570236206055,12.434042930603027,4809000.0,7.333399295806885
2004-10-05,12.550359725952148,12.2878999710083,12.43702507019043,12.40719985961914,9476900.0,7.317570209503174
2004-10-06,12.565272331237793,12.419130325317383,12.481762886047363,12.565272331237793,5798100.0,7.410799980163574
2004-10-07,12.705450057983398,12.22526741027832,12.586150169372559,12.302812576293945,7111100.0,7.256004333496094
2004-10-08,12.431059837341309,12.168600082397461,12.347550392150879,12.299830436706543,5282400.0,7.254243850708008
2004-10-11,12.377374649047852,12.156669616699219,12.368427276611328,12.234214782714844,2726900.0,7.215543746948242
2004-10-12,12.302812576293945,12.088072776794434,12.228249549865723,12.129827499389648,3913800.0,7.1539812088012695
2004-10-13,12.058247566223145,11.50350284576416,12.055265426635742,11.724207878112793,8790600.0,6.9147515296936035
2004-10-14,12.031405448913574,11.849472045898438,11.873332023620605,12.004562377929688,4951200.0,7.080101013183594
2004-10-15,12.138774871826172,11.932982444763184,12.108949661254883,11.989649772644043,4923700.0,7.071306228637695
2004-10-18,12.094037055969238,11.83456039428711,12.025440216064453,11.858420372009277,5806200.0,6.993910789489746
2004-10-19,11.95087718963623,11.721224784851074,11.86140251159668,11.759997367858887,4855600.0,6.935859203338623
2004-10-20,12.046317100524902,11.774909973144531,11.82561206817627,12.037369728088379,6038800.0,7.099451065063477
2004-10-21,12.10596752166748,11.912104606628418,12.07017707824707,11.968772888183594,4749000.0,7.058994293212891
2004-10-22,12.159652709960938,11.956842422485352,12.0433349609375,12.019474983215332,5064200.0,7.088894367218018
2004-10-25,12.076142311096191,11.870349884033203,12.019474983215332,11.974737167358398,4170600.0,7.062509536743164
2004-10-26,11.947895050048828,11.661575317382812,11.944912910461426,11.733155250549316,10914600.0,6.920026779174805
2004-10-27,11.670522689819336,11.112794876098633,11.667539596557617,11.351394653320312,17033300.0,6.694873809814453
2004-10-28,11.53034496307373,11.196305274963379,11.34841251373291,11.232094764709473,9200300.0,6.624511241912842
2004-10-29,11.396132469177246,11.13068962097168,11.273850440979004,11.366307258605957,7905100.0,6.703667640686035
2004-11-01,11.50350284576416,11.187357902526855,11.44087028503418,11.22314739227295,6381500.0,6.619236469268799
2004-11-02,11.297710418701172,11.032267570495605,11.184374809265137,11.050162315368652,8277600.0,6.517209529876709
2004-11-03,11.276832580566406,11.044197082519531,11.199287414550781,11.199287414550781,6909900.0,6.605162620544434
2004-11-04,11.387185096740723,11.22911262512207,11.22911262512207,11.333499908447266,6445200.0,6.684319019317627
2004-11-05,11.506484985351562,11.345430374145508,11.399114608764648,11.458765029907227,5835700.0,6.758200168609619
2004-11-08,11.461747169494629,11.160514831542969,11.458765029907227,11.249990463256836,6395900.0,6.635067462921143
2004-11-09,11.282797813415527,11.10981273651123,11.252972602844238,11.16648006439209,7317300.0,6.585812091827393
2004-11-10,11.202269554138184,10.972617149353027,11.169462203979492,11.1366548538208,10578700.0,6.568225383758545
2004-11-11,11.199287414550781,11.10384750366211,11.1366548538208,11.160514831542969,5380700.0,6.582294464111328
2004-11-12,11.396132469177246,11.124725341796875,11.184374809265137,11.396132469177246,8420100.0,6.721256256103516
2004-11-15,11.3126220703125,10.94875717163086,11.309639930725098,10.98454761505127,8290300.0,6.641697883605957
2004-11-16,11.115777969360352,10.996477127075195,11.050162315368652,11.017354965209961,4219200.0,6.661534309387207
2004-11-17,11.19332218170166,10.978582382202148,11.017354965209961,11.151567459106445,6448200.0,6.742682933807373
2004-11-18,11.249990463256836,11.1366548538208,11.244025230407715,11.19332218170166,4880400.0,6.7679314613342285
2004-11-19,11.482625007629395,11.264902114868164,11.288762092590332,11.44087028503418,7016200.0,6.917608261108398
2004-11-22,11.670522689819336,11.497537612915039,11.539292335510254,11.646662712097168,7489300.0,7.042037010192871
2004-11-23,11.86140251159668,11.667539596557617,11.70631217956543,11.700347900390625,7660600.0,7.07450008392334
2004-11-24,11.843507766723633,11.655610084533691,11.774909973144531,11.80473518371582,4319500.0,7.13761568069458
2004-11-26,12.019474983215332,11.819647789001465,11.870349884033203,11.885262489318848,2223600.0,7.186304569244385
2004-11-29,11.935964584350586,11.691399574279785,11.930000305175781,11.819647789001465,3362900.0,7.146633148193359
2004-11-30,11.885262489318848,11.739119529724121,11.76894474029541,11.762980461120605,5303200.0,7.112368583679199
2004-12-01,11.762980461120605,11.333499908447266,11.762980461120605,11.393150329589844,8428800.0,6.888751983642578
2004-12-02,11.270867347717285,10.966652870178223,11.25893783569336,11.13963794708252,8993100.0,6.735466480255127
2004-12-03,11.3126220703125,11.106829643249512,11.142620086669922,11.187357902526855,4649100.0,6.7643280029296875
2004-12-06,11.318587303161621,11.094900131225586,11.25893783569336,11.133672714233398,5079900.0,6.731864929199219
2004-12-07,11.175427436828613,10.924897193908691,11.163497924804688,10.957704544067383,4846200.0,6.625467300415039
2004-12-08,11.059109687805176,10.74594783782959,10.918932914733887,11.005425453186035,6715800.0,6.654320240020752
2004-12-09,11.154549598693848,10.844369888305664,11.154549598693848,11.023320198059082,7040000.0,6.6651411056518555
2004-12-10,11.22314739227295,10.883142471313477,11.22314739227295,10.936827659606934,6723200.0,6.612843036651611
2004-12-13,11.035249710083008,10.930862426757812,10.975600242614746,11.01138973236084,6234000.0,6.6579270362854
2004-12-14,11.10384750366211,10.95472240447998,11.077005386352539,11.041214942932129,3641500.0,6.675959587097168
2004-12-15,11.282797813415527,11.023320198059082,11.184374809265137,11.199287414550781,11253300.0,6.771538257598877
2004-12-16,11.235077857971191,11.044197082519531,11.199287414550781,11.121742248535156,7535600.0,6.7246527671813965
2004-12-17,11.184374809265137,11.035249710083008,11.035249710083008,11.13068962097168,10919300.0,6.730061054229736
2004-12-20,11.157532691955566,10.99051284790039,11.127707481384277,11.0680570602417,8531000.0,6.692192554473877
2004-12-21,11.157532691955566,11.050162315368652,11.079987525939941,11.154549598693848,6946500.0,6.744485855102539
2004-12-22,11.214200019836426,10.972617149353027,11.208234786987305,11.065074920654297,8243000.0,6.6903862953186035
2004-12-23,11.184374809265137,11.0680570602417,11.0680570602417,11.121742248535156,4945100.0,6.7246527671813965
2004-12-27,11.154549598693848,10.972617149353027,11.124725341796875,10.987529754638672,5501400.0,6.643500804901123
2004-12-28,11.0680570602417,10.972617149353027,11.035249710083008,10.981565475463867,4395600.0,6.639894008636475
2004-12-29,11.118760108947754,10.921915054321289,11.053145408630371,11.085952758789062,5447400.0,6.703009605407715
2004-12-30,11.199287414550781,11.038232803344727,11.088934898376465,11.163497924804688,3612700.0,6.7498979568481445
2004-12-31,11.244025230407715,11.163497924804688,11.214200019836426,11.217182159423828,3401500.0,6.782357692718506
2005-01-03,11.208234786987305,10.847352027893066,11.205252647399902,10.909984588623047,7519500.0,6.596612930297852
2005-01-04,10.972617149353027,10.77278995513916,10.874195098876953,10.787702560424805,6798600.0,6.522676944732666
2005-01-05,10.87121295928955,10.641559600830078,10.787702560424805,10.656472206115723,5670400.0,6.443328380584717
2005-01-06,10.942792892456055,10.593839645385742,10.620682716369629,10.820509910583496,6386200.0,6.542511940002441
2005-01-07,11.020337104797363,10.796649932861328,10.939809799194336,10.978582382202148,10180000.0,6.638089179992676
2005-01-10,11.25595474243164,11.035249710083008,11.085952758789062,11.115777969360352,10945500.0,6.7210469245910645
2005-01-11,11.273850440979004,11.088934898376465,11.142620086669922,11.196305274963379,8047600.0,6.769733905792236
2005-01-12,11.342447280883789,11.175427436828613,11.241042137145996,11.303674697875977,7241500.0,6.834653854370117
2005-01-13,11.515432357788086,11.3126220703125,11.37525463104248,11.422974586486816,7118100.0,6.906788349151611
2005-01-14,11.506484985351562,11.372272491455078,11.437887191772461,11.422974586486816,5608000.0,6.906788349151611
2005-01-18,11.56613540649414,11.434905052185059,11.536310195922852,11.56017017364502,6141100.0,6.989739894866943
2005-01-19,11.601924896240234,11.449817657470703,11.56017017364502,11.46771240234375,5638200.0,6.933837413787842
2005-01-20,11.363325119018555,11.169462203979492,11.351394653320312,11.25595474243164,7424900.0,6.805801868438721
2005-01-21,11.461747169494629,11.32157039642334,11.324552536010742,11.351394653320312,5676700.0,6.8635101318359375
2005-01-24,11.569117546081543,11.46771240234375,11.482625007629395,11.50350284576416,5293800.0,6.955479621887207
2005-01-25,11.709295272827148,11.563152313232422,11.661575317382812,11.682452201843262,10014700.0,7.06367826461792
2005-01-26,11.810700416564941,11.622802734375,11.795787811279297,11.751049995422363,7462100.0,7.105156898498535
2005-01-27,11.8673677444458,11.297710418701172,11.297710418701172,11.598942756652832,8702000.0,7.013185501098633
2005-01-28,11.598942756652832,11.357359886169434,11.598942756652832,11.44087028503418,7739100.0,6.917608261108398
2005-01-31,11.607890129089355,11.357359886169434,11.393150329589844,11.551222801208496,8347000.0,6.984333038330078
2005-02-01,11.694382667541504,11.598942756652832,11.601924896240234,11.68543529510498,8798900.0,7.065482139587402
2005-02-02,11.962807655334473,11.661575317382812,11.70631217956543,11.930000305175781,11425600.0,7.213355541229248
2005-02-03,12.153687477111816,11.822629928588867,11.930000305175781,12.10596752166748,10561600.0,7.319754123687744
2005-02-04,12.147722244262695,11.959824562072754,12.13579273223877,12.07912540435791,5568100.0,7.30352258682251
2005-02-07,12.144740104675293,11.971755027770996,12.108949661254883,12.034387588500977,5220400.0,7.27647066116333
2005-02-08,12.16263484954834,11.977720260620117,12.037369728088379,12.138774871826172,4770100.0,7.339588642120361
2005-02-09,12.4638671875,12.07912540435791,12.159652709960938,12.267022132873535,8200100.0,7.417133331298828
2005-02-10,12.610010147094727,12.290882110595703,12.362462043762207,12.601062774658203,5922800.0,7.6191020011901855
2005-02-11,12.839662551879883,12.559307098388672,12.669659614562988,12.732292175292969,5508400.0,7.698453426361084
2005-02-14,12.735275268554688,12.55632495880127,12.699484825134277,12.612992286682129,4986700.0,7.797802448272705
2005-02-15,12.839662551879883,12.67562484741211,12.741239547729492,12.821767807006836,5961400.0,7.92687463760376
2005-02-16,13.093174934387207,12.762117385864258,12.845627784729004,13.087209701538086,8451900.0,8.090981483459473
2005-02-17,13.200545310974121,12.9500150680542,13.123000144958496,12.967909812927246,7188600.0,8.017224311828613
2005-02-18,13.40633773803711,13.048437118530273,13.108087539672852,13.281072616577148,8221900.0,8.210837364196777
2005-02-22,13.519672393798828,13.13194751739502,13.421250343322754,13.140894889831543,6224900.0,8.124170303344727
2005-02-23,13.260194778442383,13.111069679260254,13.143877029418945,13.206509590148926,8097500.0,8.164734840393066
2005-02-24,13.480899810791016,13.22142219543457,13.346687316894531,13.477917671203613,6530400.0,8.332531929016113
2005-02-25,14.1012601852417,13.597217559814453,13.630024909973145,13.907397270202637,10125000.0,8.598051071166992
2005-02-28,14.196700096130371,13.570375442504883,14.017749786376953,14.119154930114746,14694300.0,8.72896671295166
2005-03-01,14.09827709197998,13.758272171020508,14.017749786376953,13.958100318908691,8599800.0,8.62939739227295
2005-03-02,14.074417114257812,13.817922592163086,13.898449897766113,13.987924575805664,8345600.0,8.64783763885498
2005-03-03,14.706707954406738,14.24740219116211,14.286174774169922,14.315999984741211,10304400.0,8.850664138793945
2005-03-04,14.644075393676758,13.98196029663086,14.256349563598633,14.542670249938965,11320300.0,8.990799903869629
2005-03-07,14.667935371398926,14.381614685058594,14.545652389526367,14.530739784240723,9812200.0,8.98342514038086
2005-03-08,14.626179695129395,14.43828296661377,14.530739784240723,14.441265106201172,8392600.0,8.928108215332031
2005-03-09,14.55758285522461,13.91634464263916,14.5217924118042,13.955117225646973,12217600.0,8.627552032470703
2005-03-10,13.928275108337402,13.448092460632324,13.92529296875,13.630024909973145,9865500.0,8.426568984985352
2005-03-11,13.910380363464355,13.528619766235352,13.59423542022705,13.698622703552246,7727400.0,8.46898078918457
2005-03-14,13.871607780456543,13.454057693481445,13.838800430297852,13.800027847290039,8023400.0,8.531671524047852
2005-03-15,13.94616985321045,13.6151123046875,13.892484664916992,13.6151123046875,7206300.0,8.41734790802002
2005-03-16,13.907397270202637,13.465987205505371,13.543532371520996,13.67774486541748,7240500.0,8.456070899963379
2005-03-17,14.002837181091309,13.728447914123535,13.85371208190918,13.987924575805664,8044900.0,8.64783763885498
2005-03-18,14.131085395812988,13.820904731750488,14.017749786376953,13.999855041503906,8865300.0,8.655211448669434
2005-03-21,14.07143497467041,13.8596773147583,13.92529296875,14.056522369384766,7149700.0,8.690244674682617
2005-03-22,14.193717956542969,13.627042770385742,14.068452835083008,13.665815353393555,7209300.0,8.448695182800293
2005-03-23,13.647919654846191,13.298967361450195,13.644937515258789,13.561427116394043,10422100.0,8.384162902832031
2005-03-24,13.803009986877441,13.451074600219727,13.635990142822266,13.6151123046875,6810700.0,8.41734790802002
2005-03-28,13.653884887695312,13.457039833068848,13.618095397949219,13.540550231933594,6357700.0,8.371252059936523
2005-03-29,13.779150009155273,13.394407272338867,13.58827018737793,13.430197715759277,7180500.0,8.303030014038086
2005-03-30,13.689675331115723,13.182649612426758,13.427214622497559,13.662832260131836,9821900.0,8.446854591369629
2005-03-31,14.01476764678955,13.758272171020508,13.868624687194824,13.993889808654785,8266800.0,8.651524543762207
2005-04-01,14.432317733764648,14.137049674987793,14.196700096130371,14.390562057495117,8755700.0,8.896759986877441
2005-04-04,14.656004905700684,14.241437911987305,14.629162788391113,14.390562057495117,8276900.0,8.896759986877441
2005-04-05,14.512845039367676,14.154945373535156,14.390562057495117,14.235472679138184,8230600.0,8.800878524780273
2005-04-06,14.459159851074219,14.137049674987793,14.271262168884277,14.432317733764648,7320700.0,8.922577857971191
2005-04-07,14.608284950256348,14.24740219116211,14.569512367248535,14.43828296661377,8000000.0,8.926262855529785
2005-04-08,14.551617622375488,14.217577934265137,14.512845039367676,14.241437911987305,7291500.0,8.8045654296875
2005-04-11,14.46512508392334,14.169857025146484,14.241437911987305,14.46512508392334,7015200.0,8.94286060333252
2005-04-12,14.486002922058105,13.922309875488281,14.46512508392334,14.062487602233887,10754000.0,8.69393253326416
2005-04-13,14.10722541809082,13.561427116394043,13.958100318908691,13.609147071838379,10524700.0,8.413663864135742
2005-04-14,13.919327735900879,13.656867027282715,13.758272171020508,13.67177963256836,13448400.0,8.452385902404785
2005-04-15,13.743359565734863,13.078262329101562,13.719499588012695,13.123000144958496,12508600.0,8.11310863494873
2005-04-18,13.421250343322754,12.970892906188965,13.063349723815918,13.394407272338867,9339100.0,8.280905723571777
2005-04-19,13.794062614440918,13.480899810791016,13.504759788513184,13.761255264282227,9073500.0,8.507704734802246
2005-04-20,14.00880241394043,13.67774486541748,13.898449897766113,13.749324798583984,9425600.0,8.500325202941895
2005-04-21,14.083365440368652,13.67774486541748,13.749324798583984,14.083365440368652,7401100.0,8.706843376159668
2005-04-22,14.399510383605957,14.050557136535645,14.181787490844727,14.298105239868164,8417700.0,8.839598655700684
2005-04-25,15.312154769897461,14.390562057495117,14.876709938049316,14.462142944335938,9275400.0,8.94101333618164
2005-04-26,14.760392189025879,14.244420051574707,14.67389965057373,14.2802095413208,9709300.0,8.828536033630371
2005-04-27,14.390562057495117,13.868624687194824,14.390562057495117,14.092312812805176,9457800.0,8.712374687194824
2005-04-28,13.934240341186523,13.630024909973145,13.794062614440918,13.67774486541748,14553200.0,8.456070899963379
2005-04-29,14.062487602233887,13.689675331115723,13.73441219329834,13.88950252532959,9467200.0,8.58698844909668
2005-05-02,14.271262168884277,13.841782569885254,13.88950252532959,14.271262168884277,11957700.0,8.823004722595215
2005-05-03,14.211612701416016,13.8596773147583,14.202665328979492,13.931257247924805,6843200.0,8.612801551818848
2005-05-04,14.241437911987305,13.913362503051758,14.017749786376953,14.166874885559082,9131200.0,8.758464813232422
2005-05-05,14.420387268066406,14.157927513122559,14.301087379455566,14.342842102050781,6784900.0,8.86725902557373
2005-05-06,14.608284950256348,14.384597778320312,14.459159851074219,14.411439895629883,5538900.0,8.909668922424316
2005-05-09,14.724602699279785,14.456177711486816,14.46512508392334,14.697759628295898,6334200.0,9.08668041229248
2005-05-10,14.820042610168457,14.468107223510742,14.733550071716309,14.512845039367676,6984700.0,8.972359657287598
2005-05-11,14.569512367248535,14.369685173034668,14.494950294494629,14.456177711486816,10681600.0,8.93733024597168
2005-05-12,14.623197555541992,13.600199699401855,14.623197555541992,13.725464820861816,13842700.0,8.485572814941406
2005-05-13,13.823887825012207,13.41230297088623,13.808975219726562,13.52265453338623,8146800.0,8.360191345214844
2005-05-16,13.49581241607666,13.066332817077637,13.41230297088623,13.331774711608887,10730900.0,8.416451454162598
2005-05-17,13.591252326965332,13.242300033569336,13.242300033569336,13.55247974395752,6708400.0,8.555784225463867
2005-05-18,13.847747802734375,13.498794555664062,13.633007049560547,13.656867027282715,8670900.0,8.621687889099121
2005-05-19,13.958100318908691,13.582304954528809,13.597217559814453,13.931257247924805,7320000.0,8.79490852355957
2005-05-20,13.987924575805664,13.740377426147461,13.808975219726562,13.785115242004395,5588600.0,8.702651023864746
2005-05-23,14.077400207519531,13.570375442504883,13.570375442504883,14.047574996948242,6466000.0,8.868341445922852
2005-05-24,14.241437911987305,14.03564453125,14.131085395812988,14.178805351257324,4475700.0,8.951187133789062
2005-05-25,14.363719940185547,14.056522369384766,14.205647468566895,14.286174774169922,7057500.0,9.018970489501953
2005-05-26,14.444247245788574,14.265297889709473,14.313017845153809,14.426352500915527,5254300.0,9.107466697692871
2005-05-27,14.614250183105469,14.375650405883789,14.46512508392334,14.58442497253418,4115000.0,9.207261085510254
2005-05-31,14.55459976196289,14.22652530670166,14.509862899780273,14.462142944335938,7350500.0,9.130060195922852
2005-06-01,14.814077377319336,14.509862899780273,14.509862899780273,14.796182632446289,6498200.0,9.340943336486816
2005-06-02,14.906535148620605,14.614250183105469,14.742497444152832,14.781270027160645,6939100.0,9.331530570983887
2005-06-03,14.945307731628418,14.766357421875,14.79319953918457,14.909517288208008,5134600.0,9.412491798400879
2005-06-06,15.022852897644043,14.787235260009766,14.987062454223633,14.882675170898438,5389700.0,9.395550727844238
2005-06-07,15.049695014953613,14.82302474975586,14.882675170898438,14.849867820739746,6003000.0,9.374835968017578
2005-06-08,15.207767486572266,14.80214786529541,14.820042610168457,15.094432830810547,10044900.0,9.529232025146484
2005-06-09,15.508999824523926,15.09741497039795,15.12425708770752,15.485139846801758,8273500.0,9.775887489318848
2005-06-10,15.511982917785645,15.312154769897461,15.508999824523926,15.491105079650879,7546600.0,9.779655456542969
2005-06-13,15.506017684936523,15.31513786315918,15.422507286071777,15.440402030944824,6019700.0,9.747645378112793
2005-06-14,15.565667152404785,15.28531265258789,15.464262962341309,15.52391242980957,6073000.0,9.800362586975098
2005-06-15,15.801284790039062,15.508999824523926,15.583562850952148,15.73567008972168,6740600.0,9.934050559997559
2005-06-16,16.04585075378418,15.646195411682129,15.801284790039062,16.0279541015625,8702700.0,10.118571281433105
2005-06-17,16.5170841217041,16.203922271728516,16.28445053100586,16.385854721069336,11940900.0,10.344513893127441
2005-06-20,16.567787170410156,16.19795799255371,16.49322509765625,16.29637908935547,7949700.0,10.288031578063965
2005-06-21,16.317256927490234,15.747599601745605,16.29637908935547,15.76251220703125,10015700.0,9.950995445251465
2005-06-22,16.33515167236328,15.822162628173828,16.20988655090332,16.120412826538086,18302400.0,10.176942825317383
2005-06-23,16.552875518798828,16.075674057006836,16.25462532043457,16.23971176147461,10105200.0,10.252254486083984
2005-06-24,16.531997680664062,16.23971176147461,16.418663024902344,16.338134765625,7484300.0,10.31439208984375
2005-06-27,16.67217445373535,16.415679931640625,16.415679931640625,16.57673454284668,7413900.0,10.465018272399902
2005-06-28,16.612525939941406,16.019006729125977,16.57673454284668,16.093570709228516,10504200.0,10.159994125366211
2005-06-29,16.1591854095459,15.756547927856445,16.036903381347656,15.94444465637207,12787500.0,10.065852165222168
2005-06-30,16.46339988708496,15.9176025390625,15.935497283935547,15.9176025390625,14029100.0,10.048906326293945
2005-07-01,16.582700729370117,16.04286766052246,16.105499267578125,16.564804077148438,13315600.0,10.457488059997559
2005-07-05,16.994285583496094,16.582700729370117,16.639368057250977,16.946565628051758,13387700.0,10.698497772216797
2005-07-06,17.149375915527344,16.415679931640625,17.01516342163086,16.445505142211914,18247700.0,10.382174491882324
2005-07-07,16.806386947631836,16.221817016601562,16.28445053100586,16.76165008544922,15030000.0,10.581756591796875
2005-07-08,16.98533821105957,16.529014587402344,16.94059944152832,16.740772247314453,11265000.0,10.56857967376709
2005-07-11,16.848142623901367,16.397785186767578,16.403749465942383,16.83024787902832,10982000.0,10.625066757202148
2005-07-12,17.322359085083008,16.863054275512695,16.94059944152832,17.20902442932129,11115500.0,10.864187240600586
2005-07-13,17.43569564819336,17.134462356567383,17.358150482177734,17.200077056884766,9578500.0,10.858538627624512
2005-07-14,17.528152465820312,16.388837814331055,17.528152465820312,16.60655975341797,13451100.0,10.483848571777344
2005-07-15,16.743755340576172,16.376907348632812,16.687088012695312,16.472347259521484,9992200.0,10.399121284484863
2005-07-18,16.397785186767578,16.18602752685547,16.31427574157715,16.31129264831543,9298200.0,10.297444343566895
2005-07-19,16.594629287719727,16.218835830688477,16.317256927490234,16.594629287719727,6916600.0,10.476317405700684
2005-07-20,16.74673843383789,16.376907348632812,16.567787170410156,16.67515754699707,7107100.0,10.527156829833984
2005-07-21,16.866037368774414,16.45146942138672,16.73182487487793,16.67814064025879,8588700.0,10.529038429260254
2005-07-22,17.15235710144043,16.749719619750977,16.755685806274414,17.119550704956055,8293300.0,10.80770492553711
2005-07-25,17.45955467224121,17.09568977355957,17.17919921875,17.295516967773438,10734600.0,10.918794631958008
2005-07-26,17.328325271606445,17.074811935424805,17.298500061035156,17.203060150146484,7192600.0,10.86042594909668
2005-07-27,17.328325271606445,16.779544830322266,17.22095489501953,17.262710571289062,7334100.0,10.898085594177246
2005-07-28,17.599733352661133,17.271657943725586,17.537099838256836,17.593767166137695,13110100.0,11.10707950592041
2005-07-29,17.632539749145508,17.34920310974121,17.596750259399414,17.40587043762207,8157900.0,10.988459587097168
2005-08-01,17.895000457763672,17.569908142089844,17.596750259399414,17.79657745361328,10263200.0,11.23512077331543
2005-08-02,18.282724380493164,17.91289520263672,17.95465087890625,18.085880279541016,11157000.0,11.417757987976074
2005-08-03,18.31851577758789,17.88306999206543,18.31851577758789,17.963598251342773,8613500.0,11.340557098388672
2005-08-04,18.13360023498535,17.895000457763672,17.909912109375,17.98149299621582,7358500.0,11.351853370666504
2005-08-05,17.948684692382812,17.590784072875977,17.918859481811523,17.88306999206543,5589200.0,11.289721488952637
2005-08-08,18.580974578857422,18.03517723083496,18.03517723083496,18.315532684326172,9788000.0,11.562736511230469
2005-08-09,18.551149368286133,18.267812728881836,18.491500854492188,18.384130477905273,7706200.0,11.606040954589844
2005-08-10,18.789749145507812,18.366235733032227,18.491500854492188,18.736064910888672,9838700.0,11.828225135803223
2005-08-11,19.138702392578125,18.76887321472168,18.789749145507812,18.989578247070312,11118800.0,11.988263130187988
2005-08-12,19.079051971435547,18.789749145507812,19.03729820251465,18.912033081054688,7709900.0,11.939311981201172
2005-08-15,18.813610076904297,18.446762084960938,18.807645797729492,18.5720272064209,8031800.0,11.932881355285645
2005-08-16,18.539220809936523,18.124652862548828,18.491500854492188,18.169389724731445,7762200.0,11.67418384552002
2005-08-17,18.339391708374023,17.46253776550293,18.053071975708008,17.620609283447266,12021400.0,11.321577072143555
2005-08-18,17.611661911010742,17.20902442932129,17.313411712646484,17.581836700439453,11179500.0,11.296669006347656
2005-08-19,17.984474182128906,17.665348052978516,17.683242797851562,17.95465087890625,6825800.0,11.536205291748047
2005-08-22,18.235004425048828,17.75780487060547,18.059038162231445,17.969562530517578,6640000.0,11.545788764953613
2005-08-23,18.09184455871582,17.578855514526367,18.044124603271484,17.781665802001953,8285300.0,11.425061225891113
2005-08-24,18.097810745239258,17.695173263549805,17.85622787475586,17.93675422668457,8214200.0,11.52470588684082
2005-08-25,17.865175247192383,17.751840591430664,17.865175247192383,17.763769149780273,5913400.0,11.413562774658203
2005-08-26,17.906930923461914,17.656400680541992,17.859209060668945,17.656400680541992,6224600.0,11.344573020935059
2005-08-29,18.115705490112305,17.590784072875977,18.115705490112305,17.921842575073242,8192400.0,11.515130043029785
2005-08-30,18.5302734375,17.963598251342773,17.990440368652344,18.48851776123047,11226100.0,11.879230499267578
2005-08-31,19.35642433166504,18.506412506103516,18.518342971801758,19.180458068847656,17819900.0,12.323813438415527
2005-09-01,20.12889289855957,19.180458068847656,19.386249542236328,19.929065704345703,17066500.0,12.804808616638184
2005-09-02,19.770992279052734,19.3027400970459,19.759061813354492,19.407127380371094,8564900.0,12.469449043273926
2005-09-06,19.621868133544922,19.21923065185547,19.266950607299805,19.59502410888672,8035200.0,12.590177536010742
2005-09-07,19.929065704345703,19.39818000793457,19.520462036132812,19.687482833862305,8157500.0,12.649582862854004
2005-09-08,19.91713523864746,19.517480850219727,19.893274307250977,19.577129364013672,8269200.0,12.578676223754883
2005-09-09,20.218366622924805,19.70836067199707,19.729236602783203,20.206438064575195,7650900.0,12.983019828796387
2005-09-12,20.385387420654297,19.756080627441406,20.251174926757812,19.964855194091797,11942300.0,12.827801704406738
2005-09-13,20.08713722229004,19.744150161743164,20.05731201171875,19.812747955322266,11964700.0,12.730072021484375
2005-09-14,20.15871810913086,19.726255416870117,19.9708194732666,20.024505615234375,8509600.0,12.866127014160156
2005-09-15,20.355562210083008,19.803800582885742,20.18556022644043,20.110998153686523,7702500.0,12.921703338623047
2005-09-16,20.292930603027344,20.006610870361328,20.221349716186523,20.2810001373291,9696200.0,13.030930519104004
2005-09-19,20.847675323486328,20.5643367767334,20.570302963256836,20.638900756835938,8990400.0,13.260889053344727
2005-09-20,20.64784812927246,20.194507598876953,20.54942512512207,20.412229537963867,10118600.0,13.115246772766113
2005-09-21,21.131011962890625,20.5911808013916,20.832761764526367,21.12504768371582,11812900.0,13.57324504852295
2005-09-22,21.676809310913086,20.42416000366211,21.54856300354004,21.020660400390625,14831100.0,13.506180763244629
2005-09-23,20.907325744628906,20.307842254638672,20.877500534057617,20.45100212097168,8516600.0,13.140156745910645
2005-09-26,20.82978057861328,20.2810001373291,20.355562210083008,20.755216598510742,9630100.0,13.335623741149902
2005-09-27,20.892412185668945,20.504688262939453,20.710479736328125,20.847675323486328,7768900.0,13.395034790039062
2005-09-28,21.080310821533203,20.582233428955078,21.0117130279541,20.952062606811523,9692800.0,13.462099075317383
2005-09-29,21.12803077697754,20.638900756835938,21.02662467956543,20.85662269592285,8827100.0,13.400779724121094
2005-09-30,20.978904724121094,20.5225830078125,20.853639602661133,20.558372497558594,7096300.0,13.209142684936523
2005-10-03,20.868553161621094,20.439071655273438,20.713462829589844,20.641881942749023,7296500.0,13.262803077697754
2005-10-04,20.34065055847168,19.28484535217285,20.286964416503906,19.34449577331543,16611900.0,12.429208755493164
2005-10-05,19.475725173950195,18.169389724731445,19.392215728759766,18.214126586914062,21273400.0,11.702925682067871
2005-10-06,18.4616756439209,17.49236297607422,18.11868667602539,17.88008689880371,21656900.0,11.488298416137695
2005-10-07,18.762907028198242,18.27676010131836,18.446762084960938,18.595888137817383,13247600.0,11.948212623596191
2005-10-10,18.595888137817383,18.157459259033203,18.595888137817383,18.506412506103516,9627100.0,11.89072322845459
2005-10-11,19.293792724609375,18.715187072753906,18.8195743560791,18.96273422241211,9822200.0,12.183914184570312
2005-10-12,19.135719299316406,18.36026954650879,18.968700408935547,18.548168182373047,8301000.0,11.917553901672363
2005-10-13,18.491500854492188,17.480432510375977,18.491500854492188,17.865175247192383,13616000.0,11.478714942932129
2005-10-14,17.933773040771484,17.313411712646484,17.566925048828125,17.820438385009766,16085400.0,11.449970245361328
2005-10-17,18.37220001220703,17.77271842956543,18.014299392700195,18.324480056762695,10872700.0,11.773829460144043
2005-10-18,18.40202522277832,17.554994583129883,18.16342544555664,17.5579776763916,12351000.0,11.28133487701416
2005-10-19,18.076932907104492,17.02709197998047,18.076932907104492,17.900964736938477,15141300.0,11.501712799072266
2005-10-20,17.790613174438477,16.526033401489258,17.70113754272461,16.78550910949707,15102000.0,10.785014152526855
2005-10-21,17.438676834106445,16.657262802124023,17.30744743347168,17.09568977355957,13705200.0,10.984308242797852
2005-10-24,17.790613174438477,17.003232955932617,17.04200553894043,17.775699615478516,9406800.0,11.42122745513916
2005-10-25,18.252899169921875,17.5579776763916,17.844297409057617,18.124652862548828,9647200.0,11.64543628692627
2005-10-26,18.861330032348633,18.020265579223633,18.237987518310547,18.21710968017578,11361600.0,11.70484447479248
2005-10-27,18.154478073120117,17.074811935424805,18.073949813842773,17.083759307861328,12849900.0,10.976643562316895
2005-10-28,17.969562530517578,17.033058166503906,17.313411712646484,17.877105712890625,11767300.0,11.486383438110352
2005-10-31,18.297637939453125,17.67429542541504,17.895000457763672,17.942720413208008,9567400.0,11.528539657592773
2005-11-01,18.053071975708008,17.64447021484375,17.656400680541992,17.79657745361328,10335900.0,11.434642791748047
2005-11-02,18.354305267333984,17.760787963867188,17.847280502319336,18.354305267333984,9693500.0,11.792991638183594
2005-11-03,18.932910919189453,18.396060943603516,18.440797805786133,18.828521728515625,10722200.0,12.097685813903809
2005-11-04,18.8195743560791,17.999387741088867,18.730100631713867,18.172372817993164,8326900.0,11.676097869873047
2005-11-07,18.16342544555664,17.50429344177246,18.16342544555664,17.590784072875977,11504400.0,11.30241870880127
2005-11-08,17.95465087890625,17.51622200012207,17.54306411743164,17.790613174438477,6723800.0,11.430806159973145
2005-11-09,18.130617141723633,17.325342178344727,17.745874404907227,17.656400680541992,9504700.0,11.344573020935059
2005-11-10,17.417800903320312,16.73182487487793,17.417800903320312,16.80042266845703,15989900.0,10.79459285736084
2005-11-11,17.19709587097168,16.83024787902832,16.833229064941406,17.074811935424805,7899700.0,10.970895767211914
2005-11-14,17.414817810058594,17.15534019470215,17.25376319885254,17.39095687866211,10223900.0,11.394234657287598
2005-11-15,17.441659927368164,16.988319396972656,17.217971801757812,17.036039352416992,13191900.0,11.161698341369629
2005-11-16,17.501310348510742,16.96744155883789,17.06884765625,17.411834716796875,8873700.0,11.407916069030762
2005-11-17,17.7309627532959,17.238849639892578,17.626575469970703,17.495344161987305,9483900.0,11.462628364562988
2005-11-18,17.74289321899414,17.283588409423828,17.739910125732422,17.60271453857422,8799300.0,11.532974243164062
2005-11-21,17.835350036621094,17.429729461669922,17.69815444946289,17.82341957092285,7232500.0,11.677579879760742
2005-11-22,18.336410522460938,17.930789947509766,17.984474182128906,18.237987518310547,9833000.0,11.949193954467773
2005-11-23,18.285707473754883,17.88306999206543,18.029212951660156,18.109739303588867,6600800.0,11.865167617797852
2005-11-25,18.312549591064453,18.088863372802734,18.19325065612793,18.19325065612793,2149500.0,11.919883728027344
2005-11-28,17.927806854248047,17.238849639892578,17.865175247192383,17.259727478027344,10993100.0,11.308255195617676
2005-11-29,17.680259704589844,17.382009506225586,17.49236297607422,17.480432510375977,7913100.0,11.452860832214355
2005-11-30,17.892017364501953,17.510257720947266,17.626575469970703,17.683242797851562,8760700.0,11.585738182067871
2005-12-01,18.282724380493164,17.78464698791504,17.790613174438477,18.232023239135742,7272700.0,11.94528579711914
2005-12-02,18.497465133666992,17.862192153930664,18.169389724731445,18.130617141723633,7005500.0,11.8788480758667
2005-12-05,18.536237716674805,18.187284469604492,18.22307586669922,18.40500831604004,9632800.0,12.058621406555176
2005-12-06,18.664485931396484,18.202198028564453,18.282724380493164,18.351322174072266,13172800.0,12.023447036743164
2005-12-07,18.533254623413086,18.11868667602539,18.476587295532227,18.339391708374023,11210300.0,12.015634536743164
2005-12-08,18.67045021057129,18.27377700805664,18.48553466796875,18.616764068603516,10486500.0,12.197362899780273
2005-12-09,18.664485931396484,18.312549591064453,18.56904411315918,18.40500831604004,8787900.0,12.058621406555176
2005-12-12,18.72711753845215,18.312549591064453,18.491500854492188,18.452728271484375,13077200.0,12.089886665344238
2005-12-13,18.771854400634766,18.422903060913086,18.491500854492188,18.470623016357422,9884900.0,12.101613998413086
2005-12-14,19.168527603149414,18.446762084960938,18.446762084960938,19.15958023071289,12671900.0,12.553003311157227
2005-12-15,19.14466667175293,18.592905044555664,19.14466667175293,18.75395965576172,8443500.0,12.287252426147461
2005-12-16,18.774837493896484,18.342374801635742,18.762907028198242,18.42886734008789,12118000.0,12.074252128601074
2005-12-19,18.64360809326172,18.24693489074707,18.479570388793945,18.321496963500977,7453400.0,12.003907203674316
2005-12-20,18.491500854492188,18.282724380493164,18.38711166381836,18.321496963500977,7865500.0,12.003907203674316
2005-12-21,18.655536651611328,18.33342742919922,18.396060943603516,18.473604202270508,6009700.0,12.103568077087402
2005-12-22,18.789749145507812,18.473604202270508,18.536237716674805,18.646589279174805,6669200.0,12.216901779174805
2005-12-23,18.691328048706055,18.187284469604492,18.479570388793945,18.539220809936523,3731000.0,12.14655590057373
2005-12-27,18.491500854492188,17.760787963867188,18.44378089904785,17.88306999206543,7516500.0,11.716659545898438
2005-12-28,18.434831619262695,17.95465087890625,18.00833511352539,18.282724380493164,7103400.0,11.978503227233887
2005-12-29,18.48851776123047,18.06201934814453,18.291671752929688,18.103775024414062,4643700.0,11.861260414123535
2005-12-30,18.342374801635742,18.026229858398438,18.342374801635742,18.184303283691406,8030100.0,11.914020538330078
2006-01-03,19.45783042907715,18.494482040405273,18.536237716674805,19.45783042907715,14885100.0,12.748412132263184
2006-01-04,19.76502799987793,19.114843368530273,19.150632858276367,19.714324951171875,11916500.0,12.916464805603027
2006-01-05,19.73818588256836,19.204317092895508,19.59502410888672,19.648710250854492,10512900.0,12.87347412109375
2006-01-06,20.191524505615234,19.81572914123535,19.863449096679688,19.89029312133789,9124800.0,13.031753540039062
2006-01-09,20.358545303344727,19.785905838012695,19.923099517822266,20.26906967163086,9635800.0,13.279923439025879
2006-01-10,20.883464813232422,20.251174926757812,20.251174926757812,20.728374481201172,15286500.0,13.580849647521973
2006-01-11,21.09522247314453,20.301877975463867,20.459949493408203,20.84170913696289,11997900.0,13.655107498168945
2006-01-12,21.312944412231445,20.585214614868164,21.116100311279297,20.668724060058594,10323500.0,13.541769027709961
2006-01-13,21.30996322631836,20.561355590820312,20.5643367767334,21.271190643310547,8106900.0,13.936493873596191
2006-01-17,21.673828125,21.175750732421875,21.509790420532227,21.351716995239258,11289800.0,13.989250183105469
2006-01-18,21.429262161254883,20.958026885986328,21.384525299072266,21.30698013305664,12654800.0,13.959939956665039
2006-01-19,21.608213424682617,21.220487594604492,21.468034744262695,21.578388214111328,12919300.0,14.137760162353516
2006-01-20,22.103307723999023,21.45013999938965,21.78716278076172,21.65891456604004,10697700.0,14.190522193908691
2006-01-23,21.921375274658203,21.474000930786133,21.620141983032227,21.638036727905273,8775100.0,14.17684555053711
2006-01-24,22.019798278808594,21.444175720214844,21.474000930786133,21.724529266357422,9895300.0,14.233513832092285
2006-01-25,22.100324630737305,21.116100311279297,21.876638412475586,21.46207046508789,11321000.0,14.061554908752441
2006-01-26,22.127166748046875,21.23838233947754,21.906461715698242,21.623125076293945,15142300.0,14.167074203491211
2006-01-27,22.434364318847656,21.772249221801758,21.790145874023438,22.380680084228516,11207300.0,14.663411140441895
2006-01-30,23.197885513305664,22.62822723388672,22.741561889648438,22.831037521362305,10001000.0,14.958479881286621
2006-01-31,23.108409881591797,22.580507278442383,22.708755493164062,22.926477432250977,9499400.0,15.021005630493164
2006-02-01,23.209814071655273,22.526823043823242,22.9354248046875,22.646121978759766,11546300.0,14.837321281433105
2006-02-02,22.816125869750977,21.524702072143555,22.502962112426758,21.808040618896484,13923200.0,14.288227081298828
2006-02-03,21.61716079711914,21.047502517700195,21.39048957824707,21.357683181762695,11736700.0,13.993163108825684
2006-02-06,21.921375274658203,21.536632537841797,21.557510375976562,21.822952270507812,10318100.0,14.298002243041992
2006-02-07,21.54856300354004,20.722410202026367,21.539615631103516,20.82978057861328,10771800.0,13.647290229797363
2006-02-08,21.160837173461914,20.236263275146484,21.160837173461914,20.683637619018555,13428300.0,13.551535606384277
2006-02-09,21.059432983398438,20.191524505615234,20.832761764526367,20.251174926757812,11400800.0,13.268196105957031
2006-02-10,20.51959991455078,19.35642433166504,20.400299072265625,19.812747955322266,17510400.0,12.980951309204102
2006-02-13,20.60907554626465,19.773975372314453,19.773975372314453,20.11397933959961,11868900.0,13.17831039428711
2006-02-14,19.982749938964844,19.535375595092773,19.53835678100586,19.842573165893555,13560400.0,13.217336654663086
2006-02-15,20.57626724243164,19.881345748901367,20.108015060424805,20.140823364257812,13217000.0,13.416010856628418
2006-02-16,20.81785011291504,20.248191833496094,20.251174926757812,20.722410202026367,12260500.0,13.803409576416016
2006-02-17,21.342769622802734,21.065397262573242,21.160837173461914,21.214523315429688,11936600.0,14.131206512451172
2006-02-21,21.709617614746094,21.175750732421875,21.423297882080078,21.175750732421875,10816400.0,14.105381965637207
2006-02-22,21.229434967041016,20.862586975097656,21.050485610961914,21.157854080200195,10389200.0,14.093457221984863
2006-02-23,21.57242202758789,20.98487091064453,21.157854080200195,21.232418060302734,9111800.0,14.143129348754883
2006-02-24,21.676809310913086,21.509790420532227,21.51873779296875,21.536632537841797,7189200.0,14.345769882202148
2006-02-27,21.581369400024414,21.25031280517578,21.444175720214844,21.32189178466797,7818200.0,14.202727317810059
2006-02-28,21.28013801574707,20.87153434753418,21.28013801574707,21.05644989013672,8710100.0,14.025914192199707
2006-03-01,21.623125076293945,21.089258193969727,21.175750732421875,21.620141983032227,7452100.0,14.401392936706543
2006-03-02,21.843830108642578,21.512771606445312,21.623125076293945,21.667861938476562,8890800.0,14.433181762695312
2006-03-03,21.87067222595215,21.45013999938965,21.459087371826172,21.57540512084961,8299400.0,14.371594429016113
2006-03-06,21.471017837524414,20.752235412597656,21.471017837524414,20.81486701965332,8467000.0,13.86499309539795
2006-03-07,20.877500534057617,20.304859161376953,20.82978057861328,20.558372497558594,12258500.0,13.694140434265137
2006-03-08,21.014694213867188,20.233280181884766,20.42416000366211,20.737321853637695,9734700.0,13.81334400177002
2006-03-09,21.080310821533203,20.468896865844727,20.88644790649414,20.5225830078125,11672700.0,13.670300483703613
2006-03-10,20.877500534057617,20.152751922607422,20.32573699951172,20.728374481201172,8351700.0,13.807381629943848
2006-03-13,21.29206657409668,20.868553161621094,20.868553161621094,21.199609756469727,9726000.0,14.121274948120117
2006-03-14,21.849794387817383,21.059432983398438,21.199609756469727,21.808040618896484,9231500.0,14.526554107666016
2006-03-15,22.309099197387695,21.59926414489746,21.652950286865234,22.285240173339844,11199600.0,14.844417572021484
2006-03-16,23.227710723876953,22.264362335205078,22.264362335205078,23.123323440551758,14575600.0,15.402681350708008
2006-03-17,23.263500213623047,22.69980812072754,23.263500213623047,22.774370193481445,9800800.0,15.170238494873047
2006-03-20,22.85191535949707,22.24945068359375,22.741561889648438,22.285240173339844,7219400.0,14.844417572021484
2006-03-21,22.66699981689453,22.031726837158203,22.213659286499023,22.57155990600586,13447400.0,15.035143852233887
2006-03-22,22.857879638671875,22.38962745666504,22.57155990600586,22.73858070373535,11415500.0,15.146397590637207
2006-03-23,23.18893814086914,22.920513153076172,23.03683090209961,22.998058319091797,10553200.0,15.319243431091309
2006-03-24,23.502099990844727,22.974197387695312,23.001039505004883,23.054725646972656,17609000.0,15.356985092163086
2006-03-27,23.317184448242188,22.875774383544922,23.129287719726562,23.308237075805664,10198100.0,15.525851249694824
2006-03-28,23.66912078857422,23.150165557861328,23.502099990844727,23.263500213623047,9004500.0,15.496057510375977
2006-03-29,23.260517120361328,22.771387100219727,23.251569747924805,22.953319549560547,17055400.0,15.289441108703613
2006-03-30,23.305255889892578,22.804195404052734,22.834020614624023,22.968233108520508,9108800.0,15.299371719360352
2006-03-31,22.845949172973633,22.350854873657227,22.786300659179688,22.717702865600586,9261600.0,15.132491111755371
2006-04-03,23.293325424194336,22.72665023803711,22.8668270111084,22.875774383544922,8392900.0,15.237785339355469
2006-04-04,23.320167541503906,22.729633331298828,22.801212310791016,23.29928970336914,7735700.0,15.519890785217285
2006-04-05,23.836139678955078,23.251569747924805,23.335079193115234,23.755613327026367,9694500.0,15.823853492736816
2006-04-06,23.88982582092285,23.320167541503906,23.88982582092285,23.642276763916016,10439500.0,15.748358726501465
2006-04-07,23.755613327026367,23.123323440551758,23.561750411987305,23.293325424194336,7737800.0,15.51591968536377
2006-04-10,23.824209213256836,23.519994735717773,23.576662063598633,23.603504180908203,5677400.0,15.722533226013184
2006-04-11,24.04491424560547,23.502099990844727,23.830175399780273,23.63929557800293,10240000.0,15.74636459350586
2006-04-12,23.854034423828125,23.293325424194336,23.606487274169922,23.645259857177734,8051600.0,15.75035285949707
2006-04-13,23.797367095947266,23.335079193115234,23.44244956970215,23.761577606201172,5216700.0,15.827825546264648
2006-04-17,24.602642059326172,23.9077205657959,24.047897338867188,24.566852569580078,7626100.0,16.364229202270508
2006-04-18,25.228967666625977,24.644397735595703,24.81439971923828,25.20808982849121,12071700.0,16.791362762451172
2006-04-19,25.35124969482422,24.81439971923828,25.05299949645996,25.20808982849121,9691500.0,16.791362762451172
2006-04-20,25.330371856689453,24.53702735900879,25.142475128173828,25.252826690673828,11038700.0,16.821165084838867
2006-04-21,25.81353759765625,25.136510848999023,25.467567443847656,25.66143035888672,9706600.0,17.093341827392578
2006-04-24,25.57195472717285,24.888961791992188,25.56002426147461,25.008262634277344,9218700.0,16.65825653076172
2006-04-25,25.515287399291992,24.378955841064453,25.255809783935547,24.69211769104004,13934200.0,16.447669982910156
2006-04-26,25.285634994506836,24.220882415771484,24.644397735595703,24.42369270324707,13470200.0,16.26886749267578
2006-04-27,24.432640075683594,23.290342330932617,23.860000610351562,23.436485290527344,14751700.0,15.611282348632812
2006-04-28,24.038949966430664,23.4871883392334,23.606487274169922,23.66912078857422,11861500.0,15.766239166259766
2006-05-01,24.432640075683594,23.895790100097656,23.919649124145508,24.197023391723633,8105600.0,16.11788558959961
2006-05-02,24.587730407714844,24.012107849121094,24.36702537536621,24.5072021484375,9759200.0,16.324493408203125
2006-05-03,24.542991638183594,23.842105865478516,24.390884399414062,24.146320343017578,8245000.0,16.0841121673584
2006-05-04,24.429656982421875,23.546836853027344,24.038949966430664,24.009124755859375,12772800.0,15.992721557617188
2006-05-05,24.384920120239258,23.979299545288086,24.14333724975586,24.232812881469727,11268000.0,16.14171600341797
2006-05-08,24.152284622192383,23.6661376953125,23.830175399780273,24.104564666748047,9075600.0,16.056293487548828
2006-05-09,24.304391860961914,23.824209213256836,24.009124755859375,24.11351203918457,12400600.0,16.062259674072266
2006-05-10,24.468429565429688,23.916667938232422,24.05982780456543,24.45053482055664,8889500.0,16.286745071411133
2006-05-11,24.906858444213867,23.940526962280273,24.784574508666992,24.050880432128906,9750500.0,16.02053451538086
2006-05-12,24.009124755859375,23.32613182067871,23.96140480041504,23.37087059020996,11436000.0,15.567570686340332
2006-05-15,22.8250732421875,22.034709930419922,22.368749618530273,22.44331169128418,14042500.0,15.210041999816895
2006-05-16,23.278411865234375,22.47313690185547,22.51787567138672,22.88174057006836,13187200.0,15.507174491882324
2006-05-17,23.1143741607666,21.93628692626953,22.85191535949707,22.31804656982422,12624900.0,15.125150680541992
2006-05-18,22.66998291015625,22.17786979675293,22.368749618530273,22.282257080078125,12227300.0,15.100890159606934
2006-05-19,22.765422821044922,21.894533157348633,22.300151824951172,22.51787567138672,13505100.0,15.260578155517578
2006-05-22,22.070499420166016,21.065397262573242,21.906461715698242,21.60224723815918,20713800.0,14.640044212341309
2006-05-23,22.917530059814453,22.05260467529297,22.17786979675293,22.12120246887207,15859100.0,14.991742134094238
2006-05-24,22.21962547302246,21.324874877929688,21.793127059936523,21.876638412475586,11608300.0,14.826007843017578
2006-05-25,22.947355270385742,22.26137924194336,22.464189529418945,22.580507278442383,13832600.0,15.303022384643555
2006-05-26,22.762439727783203,22.395591735839844,22.580507278442383,22.66699981689453,6547800.0,15.361640930175781
2006-05-30,23.03683090209961,22.142080307006836,22.845949172973633,22.213659286499023,8641700.0,15.054403305053711
2006-05-31,22.410505294799805,21.843830108642578,22.145063400268555,22.383663177490234,12680600.0,15.169623374938965
2006-06-01,22.95033836364746,22.165939331054688,22.294187545776367,22.90858268737793,10848600.0,15.525361061096191
2006-06-02,23.490169525146484,22.801212310791016,23.111392974853516,23.379817962646484,9094300.0,15.844721794128418
2006-06-05,23.788419723510742,22.83700180053711,23.710874557495117,22.96525001525879,13777000.0,15.563767433166504
2006-06-06,23.347009658813477,22.66699981689453,22.66699981689453,22.968233108520508,11550000.0,15.565784454345703
2006-06-07,22.872793197631836,22.07944679260254,22.869810104370117,22.112255096435547,10557500.0,14.985684394836426
2006-06-08,22.23453712463379,21.17873191833496,21.816987991333008,22.189800262451172,15040400.0,15.038237571716309
2006-06-09,22.338924407958984,21.57242202758789,22.222606658935547,21.88260269165039,11866200.0,14.830046653747559
2006-06-12,22.198747634887695,21.50382423400879,22.070499420166016,21.557510375976562,11777700.0,14.609724998474121
2006-06-13,21.485929489135742,20.692584991455078,21.226451873779297,20.826797485351562,12611200.0,14.114518165588379
2006-06-14,21.46207046508789,20.87153434753418,20.87153434753418,21.40540313720703,11314300.0,14.506641387939453
2006-06-15,22.44331169128418,21.509790420532227,21.578388214111328,22.31804656982422,10307400.0,15.125150680541992
2006-06-16,22.40155792236328,21.748390197753906,22.243484497070312,22.23453712463379,9572800.0,15.068554878234863
2006-06-19,22.27629280090332,21.262243270874023,22.189800262451172,21.42031478881836,10182000.0,14.516748428344727
2006-06-20,21.85576057434082,21.33978843688965,21.54856300354004,21.423297882080078,7951000.0,14.518768310546875
2006-06-21,22.40155792236328,21.456104278564453,21.456104278564453,22.115238189697266,9020200.0,14.987703323364258
2006-06-22,22.43138313293457,21.91242790222168,22.145063400268555,22.33296012878418,7495300.0,15.135257720947266
2006-06-23,22.96226692199707,22.434364318847656,22.499980926513672,22.88174057006836,9111800.0,15.507174491882324
2006-06-26,23.066654205322266,22.625244140625,22.88174057006836,22.929460525512695,6426800.0,15.539505958557129
2006-06-27,24.137372970581055,23.072620391845703,23.108409881591797,23.803333282470703,17585900.0,16.131738662719727
2006-06-28,24.45053482055664,23.87789535522461,23.898773193359375,24.3968505859375,10541800.0,16.533973693847656
2006-06-29,25.011245727539062,24.48334312438965,24.53404426574707,24.918787002563477,11917500.0,16.8876895904541
2006-06-30,25.050018310546875,24.584747314453125,24.742820739746094,24.84422492980957,8703700.0,16.837160110473633
2006-07-03,25.023174285888672,24.781593322753906,25.023174285888672,24.835277557373047,5736700.0,16.83110237121582
2006-07-05,25.375110626220703,24.489307403564453,24.721942901611328,25.32440757751465,14402000.0,17.16259002685547
2006-07-06,25.703184127807617,25.172300338745117,25.27967071533203,25.625640869140625,13367900.0,17.366731643676758
2006-07-07,26.29073715209961,25.50335693359375,25.879152297973633,25.568971633911133,14746300.0,17.328327178955078
2006-07-10,25.861257553100586,25.24089813232422,25.372127532958984,25.607744216918945,8513300.0,17.354610443115234
2006-07-11,26.583023071289062,25.709150314331055,25.822484970092773,26.433897018432617,10485100.0,17.914499282836914
2006-07-12,26.508459091186523,25.735992431640625,26.41301918029785,25.81353759765625,15043700.0,17.49407196044922
2006-07-13,26.257930755615234,25.57792091369629,25.947750091552734,25.917924880981445,11776300.0,17.564817428588867
2006-07-14,26.266878128051758,25.62862205505371,26.183366775512695,26.20424461364746,11252300.0,17.758861541748047
2006-07-17,26.183366775512695,25.02914047241211,26.0372257232666,25.33633804321289,10778500.0,17.17066764831543
2006-07-18,25.947750091552734,25.223003387451172,25.625640869140625,25.709150314331055,10892500.0,17.42333221435547
2006-07-19,26.08196258544922,25.554059982299805,25.7270450592041,25.873188018798828,11937600.0,17.534502029418945
2006-07-20,26.183366775512695,25.443708419799805,26.031259536743164,25.452655792236328,11284100.0,17.24950408935547
2006-07-21,25.62862205505371,24.97247314453125,25.62862205505371,25.091772079467773,10479100.0,17.004932403564453
2006-07-24,26.329509735107422,25.011245727539062,25.08282470703125,26.18038558959961,9100000.0,17.74268913269043
2006-07-25,26.729164123535156,26.019329071044922,26.49951171875,26.54126739501953,10494200.0,17.987260818481445
2006-07-26,27.304786682128906,26.383195877075195,26.633724212646484,27.096012115478516,14494500.0,18.36322021484375
2006-07-27,27.58216094970703,26.57407569885254,27.32864761352539,26.687410354614258,13647900.0,18.086305618286133
2006-07-28,26.931974411010742,26.183366775512695,26.577056884765625,26.648637771606445,10077400.0,18.060029983520508
2006-07-31,27.096012115478516,26.34740447998047,26.702322006225586,27.03338050842285,10354700.0,18.320772171020508
2006-08-01,27.82076072692871,26.69635772705078,27.43899917602539,27.003555297851562,18556200.0,18.30055809020996
2006-08-02,27.1884708404541,26.183366775512695,26.8782901763916,26.427932739257812,15384700.0,17.910459518432617
2006-08-03,26.26389503479004,25.774765014648438,26.06705093383789,25.84336280822754,16183000.0,17.51428985595703
2006-08-04,26.126699447631836,25.548095703125,25.894065856933594,26.007400512695312,14903200.0,17.625459671020508
2006-08-07,26.702322006225586,26.02529525756836,26.344423294067383,26.469688415527344,11582500.0,17.938751220703125
2006-08-08,27.307769775390625,26.41301918029785,26.469688415527344,26.985660552978516,12993400.0,18.288436889648438
2006-08-09,27.734268188476562,27.036361694335938,27.24513816833496,27.495668411254883,13591600.0,18.634069442749023
2006-08-10,27.507596969604492,26.776884078979492,27.239171981811523,27.17355728149414,13873900.0,18.4157772064209
2006-08-11,27.239171981811523,26.47266960144043,27.17355728149414,26.648637771606445,11275100.0,18.060029983520508
2006-08-14,26.398107528686523,25.56002426147461,26.395124435424805,25.747922897338867,11191200.0,17.71551513671875
2006-08-15,26.278806686401367,25.57493782043457,26.075998306274414,26.201263427734375,10428100.0,18.027437210083008
2006-08-16,26.842500686645508,26.102840423583984,26.240034103393555,26.395124435424805,16554900.0,18.160818099975586
2006-08-17,26.26091194152832,25.56002426147461,26.243017196655273,25.753887176513672,12681900.0,17.71962547302246
2006-08-18,26.04915428161621,25.26475715637207,25.26475715637207,26.0103816986084,14537400.0,17.896102905273438
2006-08-21,26.94986915588379,26.251964569091797,26.308631896972656,26.82460594177246,12867300.0,18.45631217956543
2006-08-22,27.31373405456543,26.80670928955078,26.872325897216797,27.230224609375,11273400.0,18.73539924621582
2006-08-23,27.26004981994629,26.72319984436035,27.140750885009766,26.917062759399414,12756000.0,18.519935607910156
2006-08-24,27.340578079223633,26.693374633789062,26.914079666137695,27.307769775390625,9120800.0,18.78875160217285
2006-08-25,27.635845184326172,27.125837326049805,27.424087524414062,27.477771759033203,9424300.0,18.905717849731445
2006-08-28,27.137767791748047,26.675479888916016,26.970746994018555,26.744077682495117,9617400.0,18.400915145874023
2006-08-29,26.523372650146484,26.046173095703125,26.454774856567383,26.216175079345703,14452600.0,18.037696838378906
2006-08-30,26.090909957885742,25.05598258972168,26.070032119750977,25.32142448425293,19668000.0,17.422077178955078
2006-08-31,25.32142448425293,24.799488067626953,25.32142448425293,24.90387535095215,13939900.0,17.13478660583496
2006-09-01,25.3482666015625,24.918787002563477,25.15440559387207,25.3482666015625,10724200.0,17.44053840637207
2006-09-05,25.11264991760254,24.513168334960938,25.05299949645996,24.784574508666992,16165900.0,17.052701950073242
2006-09-06,24.560888290405273,23.531925201416016,24.545974731445312,23.71982192993164,20983400.0,16.32010841369629
2006-09-07,24.00017738342285,23.38279914855957,23.672101974487305,23.698944091796875,17764900.0,16.305747985839844
2006-09-08,23.93456268310547,22.989110946655273,23.591575622558594,23.039812088012695,15220400.0,15.85224437713623
2006-09-11,22.890687942504883,22.001901626586914,22.875774383544922,22.33296012878418,23837300.0,15.365900039672852
2006-09-12,22.589454650878906,21.89751434326172,22.24945068359375,22.24945068359375,20686600.0,15.30844497680664
2006-09-13,22.78033447265625,22.297170639038086,22.42840003967285,22.523839950561523,18097500.0,15.49722671508789
2006-09-14,22.631210327148438,21.927339553833008,22.51787567138672,21.94225311279297,17149000.0,15.09707260131836
2006-09-15,21.96611213684082,21.6052303314209,21.90944480895996,21.834882736206055,16179300.0,15.023202896118164
2006-09-18,22.56857681274414,21.894533157348633,21.894533157348633,22.529804229736328,17157000.0,15.501338958740234
2006-09-19,22.684894561767578,21.63207244873047,22.610332489013672,21.903480529785156,15452800.0,15.070398330688477
2006-09-20,22.0257625579834,21.06838035583496,21.709617614746094,21.09522247314453,23148300.0,14.514290809631348
2006-09-21,21.623125076293945,21.175750732421875,21.175750732421875,21.384525299072266,20232600.0,14.713340759277344
2006-09-22,21.614177703857422,21.05644989013672,21.54856300354004,21.23539924621582,12596100.0,14.610734939575195
2006-09-25,21.459087371826172,20.528547286987305,20.96995735168457,21.271190643310547,21078600.0,14.635361671447754
2006-09-26,22.09734344482422,21.175750732421875,21.220487594604492,22.06453514099121,20386900.0,15.181219100952148
2006-09-27,22.792264938354492,21.989973068237305,22.365768432617188,22.762439727783203,24687300.0,15.661396026611328
2006-09-28,23.030864715576172,22.491031646728516,22.83700180053711,22.66699981689453,17545300.0,15.595727920532227
2006-09-29,23.084550857543945,22.535770416259766,22.60138511657715,22.9354248046875,11833000.0,15.780423164367676
2006-10-02,23.21876335144043,22.523839950561523,22.926477432250977,22.562612533569336,14063700.0,15.523914337158203
2006-10-03,22.282257080078125,21.411367416381836,22.282257080078125,21.456104278564453,20565600.0,14.762592315673828
2006-10-04,22.055587768554688,21.07136344909668,21.667861938476562,22.05260467529297,23546000.0,15.173008918762207
2006-10-05,22.702789306640625,22.258398056030273,22.371732711791992,22.496997833251953,26179000.0,15.478768348693848
2006-10-06,22.923494338989258,22.19278335571289,22.51787567138672,22.923494338989258,17312300.0,15.772207260131836
2006-10-09,23.29928970336914,22.717702865600586,23.233675003051758,22.801212310791016,14562900.0,15.688076972961426
2006-10-10,23.797367095947266,22.672964096069336,22.69682502746582,23.70789337158203,26628300.0,16.311904907226562
2006-10-11,23.8450870513916,23.344026565551758,23.409643173217773,23.585609436035156,17922200.0,16.227764129638672
2006-10-12,24.009124755859375,23.466310501098633,23.773508071899414,23.94649314880371,19330700.0,16.476078033447266
2006-10-13,25.038087844848633,24.05982780456543,24.08368682861328,24.793521881103516,20803300.0,17.058856964111328
2006-10-16,25.46160316467285,24.721942901611328,24.721942901611328,25.387039184570312,13218100.0,17.46722412109375
2006-10-17,25.372127532958984,24.9963321685791,25.33633804321289,25.273704528808594,11101000.0,17.389240264892578
2006-10-18,25.63458824157715,24.778610229492188,25.36616325378418,25.217037200927734,15700500.0,17.350252151489258
2006-10-19,25.733009338378906,25.017210006713867,25.333354949951172,25.733009338378906,15470200.0,17.705259323120117
2006-10-20,25.959680557250977,25.57792091369629,25.888099670410156,25.8373966217041,12676200.0,17.777080535888672
2006-10-23,26.031259536743164,25.500375747680664,25.500375747680664,26.031259536743164,12047600.0,17.91046714782715
2006-10-24,26.064067840576172,25.750904083251953,25.858274459838867,25.99845314025879,14758000.0,17.887893676757812
2006-10-25,26.38617706298828,25.77178192138672,25.798625946044922,26.126699447631836,18773500.0,17.976131439208984
2006-10-26,26.41301918029785,25.858274459838867,26.395124435424805,25.89704704284668,14954500.0,17.818119049072266
2006-10-27,26.141613006591797,25.679325103759766,25.917924880981445,25.753887176513672,8824400.0,17.71962547302246
2006-10-30,25.905994415283203,25.384057998657227,25.625640869140625,25.437742233276367,12203100.0,17.50210189819336
2006-10-31,25.768800735473633,24.629484176635742,25.214054107666016,25.768800735473633,23184900.0,17.72988510131836
2006-11-01,25.947750091552734,25.21107292175293,25.94178581237793,25.640552520751953,16165600.0,17.641643524169922
2006-11-02,25.750904083251953,25.217037200927734,25.500375747680664,25.646516799926758,12687300.0,17.645751953125
2006-11-03,26.553197860717773,25.765817642211914,25.768800735473633,26.404071807861328,13411500.0,18.166976928710938
2006-11-06,26.848464965820312,26.034242630004883,26.243017196655273,26.770919799804688,14127400.0,18.41938018798828
2006-11-07,26.6993408203125,26.096874237060547,26.687410354614258,26.28775405883789,10392200.0,18.086942672729492
2006-11-08,26.57407569885254,26.090909957885742,26.132665634155273,26.353370666503906,12435800.0,18.132089614868164
2006-11-09,26.88127326965332,26.371265411376953,26.460739135742188,26.690393447875977,12987000.0,18.363964080810547
2006-11-10,26.93495750427246,26.213191986083984,26.648637771606445,26.39214324951172,10251100.0,18.158767700195312
2006-11-13,26.917062759399414,26.019329071044922,26.132665634155273,26.633724212646484,10638000.0,18.324983596801758
2006-11-14,26.770919799804688,26.38916015625,26.559162139892578,26.663549423217773,10068000.0,18.625226974487305
2006-11-15,27.054258346557617,26.58600425720215,26.81267547607422,26.797761917114258,12770100.0,18.718978881835938
2006-11-16,27.000572204589844,25.81353759765625,26.946887969970703,25.908977508544922,14770100.0,18.0981388092041
2006-11-17,26.565128326416016,25.60476303100586,25.798625946044922,26.54126739501953,16686300.0,18.53981590270996
2006-11-20,26.827587127685547,26.41600227355957,26.460739135742188,26.5681095123291,12291300.0,18.558557510375977
2006-11-21,27.277944564819336,26.735130310058594,26.76793670654297,27.215312957763672,11206000.0,19.01065444946289
2006-11-22,27.310752868652344,26.720216751098633,27.137767791748047,27.066186904907227,10380500.0,18.90648078918457
2006-11-24,27.409175872802734,26.997589111328125,27.02145004272461,27.227243423461914,3953700.0,19.018985748291016
2006-11-27,27.710407257080078,27.254085540771484,27.54338836669922,27.367420196533203,13251600.0,19.116905212402344
2006-11-28,27.87444496154785,27.27198028564453,27.436017990112305,27.421104431152344,14804000.0,19.154401779174805
2006-11-29,28.497787475585938,27.56426429748535,27.588125228881836,28.208484649658203,19933600.0,19.70440673828125
2006-11-30,28.318838119506836,27.859533309936523,28.035499572753906,28.148834228515625,21154700.0,19.66274070739746
2006-12-01,28.652877807617188,27.671634674072266,28.08918571472168,28.527612686157227,16566900.0,19.92732810974121
2006-12-04,28.617088317871094,28.232345581054688,28.43813705444336,28.461997985839844,12110900.0,19.881492614746094
2006-12-05,28.736387252807617,28.07427215576172,28.50673484802246,28.360591888427734,13857100.0,19.810657501220703
2006-12-06,28.837793350219727,28.244274139404297,28.303924560546875,28.575332641601562,13571800.0,19.960664749145508
2006-12-07,28.393400192260742,27.90725326538086,28.306907653808594,27.978832244873047,13445000.0,19.54399299621582
2006-12-08,28.35164451599121,27.898305892944336,28.187606811523438,27.954973220825195,8506900.0,19.527320861816406
2006-12-11,28.303924560546875,27.77602195739746,27.886375427246094,28.0295352935791,7744800.0,19.579410552978516
2006-12-12,28.253223419189453,27.713390350341797,27.937076568603516,27.8923397064209,8970900.0,19.48357391357422
2006-12-13,28.470945358276367,27.826725006103516,27.826725006103516,28.336732864379883,10866000.0,19.79399871826172
2006-12-14,29.44622230529785,28.181642532348633,28.47989273071289,29.100252151489258,16000600.0,20.327329635620117
2006-12-15,29.36569595336914,28.48287582397461,29.100252151489258,28.48287582397461,17321000.0,19.89607810974121
2006-12-18,28.530595779418945,27.576194763183594,28.46497917175293,27.576194763183594,13034700.0,19.262733459472656
2006-12-19,28.42322540283203,27.179521560668945,27.558300018310547,28.363574981689453,12562200.0,19.812744140625
2006-12-20,28.429189682006836,27.811813354492188,28.39638328552246,27.898305892944336,9313600.0,19.487743377685547
2006-12-21,28.2711181640625,27.1616268157959,28.011640548706055,27.38233184814453,12470400.0,19.127315521240234
2006-12-22,27.588125228881836,27.027414321899414,27.34355926513672,27.072153091430664,7169800.0,18.910648345947266
2006-12-26,27.489702224731445,26.931974411010742,27.489702224731445,27.14671516418457,5001800.0,18.96272850036621
2006-12-27,27.70742416381836,27.14373207092285,27.325664520263672,27.647775650024414,5400100.0,19.3127384185791
2006-12-28,27.898305892944336,27.367420196533203,27.576194763183594,27.77602195739746,7221400.0,19.40232276916504
2006-12-29,27.814794540405273,27.474790573120117,27.677600860595703,27.588125228881836,5130200.0,19.271068572998047
2007-01-03,27.289875030517578,25.905994415283203,27.289875030517578,26.05213737487793,18630600.0,18.198135375976562
2007-01-04,25.947750091552734,25.067913055419922,25.947750091552734,25.12458038330078,21492300.0,17.550222396850586
2007-01-05,25.75985336303711,25.05299949645996,25.127561569213867,25.625640869140625,18986400.0,17.900222778320312
2007-01-08,26.171438217163086,25.375110626220703,25.947750091552734,25.87020492553711,13706200.0,18.071054458618164
2007-01-09,25.932838439941406,25.073877334594727,25.33633804321289,25.592832565307617,17734700.0,17.87729835510254
2007-01-10,25.53019905090332,24.90387535095215,25.327390670776367,25.32142448425293,16102200.0,17.687719345092773
2007-01-11,25.914941787719727,24.754749298095703,25.187211990356445,24.882997512817383,17888300.0,17.381460189819336
2007-01-12,25.95371437072754,24.963525772094727,25.172300338745117,25.879152297973633,15087000.0,18.077301025390625
2007-01-16,25.974592208862305,25.26475715637207,25.5898494720459,25.401952743530273,12140100.0,17.74397087097168
2007-01-17,25.908977508544922,25.401952743530273,25.494409561157227,25.65546417236328,12172000.0,17.921052932739258
2007-01-18,26.099857330322266,24.987384796142578,25.932838439941406,25.404935836791992,14233000.0,17.74605369567871
2007-01-19,25.99845314025879,25.39300537109375,25.56002426147461,25.99845314025879,10621600.0,18.16064453125
2007-01-22,26.299684524536133,25.81055450439453,26.10880470275879,26.09389305114746,12092800.0,18.227312088012695
2007-01-23,26.99162483215332,26.2102108001709,26.2102108001709,26.90811538696289,13118500.0,18.79607391357422
2007-01-24,27.07513427734375,26.27582550048828,26.788814544677734,27.066186904907227,11521500.0,18.90648078918457
2007-01-25,27.054258346557617,26.27582550048828,27.02145004272461,26.50249481201172,9152700.0,18.512727737426758
2007-01-26,26.869342803955078,26.371265411376953,26.606882095336914,26.490564346313477,8167300.0,18.504398345947266
2007-01-29,26.720216751098633,25.920907974243164,26.33547592163086,26.007400512695312,16974000.0,18.16689109802246
2007-01-30,26.702322006225586,26.186349868774414,26.186349868774414,26.636707305908203,8778200.0,18.606481552124023
2007-01-31,26.973730087280273,26.246000289916992,26.454774856567383,26.943904876708984,10983700.0,18.821063995361328
2007-02-01,27.33163070678711,26.505477905273438,26.738113403320312,27.113906860351562,16939400.0,18.9398193359375
2007-02-02,27.215312957763672,26.49951171875,27.17355728149414,26.729164123535156,11192900.0,18.671066284179688
2007-02-05,27.009519577026367,26.729164123535156,26.80670928955078,26.899168014526367,8595800.0,18.78981590270996
2007-02-06,27.11688995361328,26.469688415527344,27.036361694335938,26.702322006225586,7804500.0,18.65230369567871
2007-02-07,27.110925674438477,26.448810577392578,26.68144416809082,26.618812561035156,10015400.0,18.593978881835938
2007-02-08,27.6090030670166,26.717235565185547,26.80670928955078,27.492685317993164,15358900.0,19.204408645629883
2007-02-09,27.7193546295166,27.09303092956543,27.424087524414062,27.179521560668945,8821700.0,18.985652923583984
2007-02-12,27.230224609375,26.708288192749023,27.066186904907227,26.848464965820312,8378200.0,18.75439453125
2007-02-13,27.576194763183594,27.036361694335938,27.14671516418457,27.555316925048828,7915800.0,19.248153686523438
2007-02-14,27.886375427246094,27.44198226928711,27.555316925048828,27.677600860595703,9277700.0,19.333568572998047
2007-02-15,27.72532081604004,27.04530906677246,27.45689582824707,27.221277236938477,9515500.0,19.01481819152832
2007-02-16,27.277944564819336,26.99460792541504,27.02145004272461,27.14969825744629,8781500.0,19.24764633178711
2007-02-20,26.99460792541504,26.645654678344727,26.96179962158203,26.96478271484375,7887300.0,19.116558074951172
2007-02-21,27.51058006286621,26.86337661743164,26.884254455566406,27.38233184814453,10785900.0,19.41257095336914
2007-02-22,27.689529418945312,27.197418212890625,27.49864959716797,27.474790573120117,10100900.0,19.47812271118164
2007-02-23,27.898305892944336,27.519527435302734,27.56426429748535,27.614967346191406,7523500.0,19.577497482299805
2007-02-26,28.077255249023438,27.617950439453125,27.671634674072266,27.662687301635742,7704600.0,19.611330032348633
2007-02-27,27.880409240722656,26.478635787963867,27.35847282409668,26.776884078979492,15846100.0,18.983348846435547
2007-02-28,27.27198028564453,26.797761917114258,26.80670928955078,27.057239532470703,13796100.0,19.18210220336914
2007-03-01,27.534439086914062,26.424949645996094,26.78285026550293,27.179521560668945,12335900.0,19.268796920776367
2007-03-02,27.179521560668945,26.54425048828125,27.036361694335938,26.615829467773438,9951300.0,18.869163513183594
2007-03-05,26.800745010375977,26.111787796020508,26.20424461364746,26.594951629638672,14508900.0,18.854368209838867
2007-03-06,27.215312957763672,26.788814544677734,26.842500686645508,27.155662536621094,9591600.0,19.251873016357422
2007-03-07,28.244274139404297,27.072153091430664,27.182504653930664,27.743215560913086,14178000.0,19.668418884277344
2007-03-08,28.277082443237305,27.75216293334961,27.93409538269043,28.080238342285156,14039500.0,19.9073543548584
2007-03-09,28.372522354125977,27.996726989746094,28.18462562561035,28.253223419189453,12490500.0,20.029987335205078
2007-03-12,28.1398868560791,27.740232467651367,27.949007034301758,27.8923397064209,11477200.0,19.77414894104004
2007-03-13,28.244274139404297,27.33163070678711,27.859533309936523,27.391279220581055,11566100.0,19.41891098022461
2007-03-14,27.859533309936523,27.030397415161133,27.713390350341797,27.859533309936523,15979200.0,19.750885009765625
2007-03-15,28.35164451599121,27.886375427246094,28.154800415039062,28.005674362182617,18150500.0,19.8544864654541
2007-03-16,28.154800415039062,27.635845184326172,28.124975204467773,27.823741912841797,14466700.0,19.725513458251953
2007-03-19,28.48287582397461,27.9609375,28.035499572753906,28.48287582397461,15846100.0,20.19280242919922
2007-03-20,29.228500366210938,28.330766677856445,28.447084426879883,29.228500366210938,17970100.0,20.721406936645508
2007-03-21,29.67289161682129,29.052532196044922,29.598329544067383,29.598329544067383,15994300.0,20.983596801757812
2007-03-22,30.806241989135742,29.6013126373291,29.61622428894043,30.263427734375,20597100.0,21.45511245727539
2007-03-23,30.65711784362793,30.060617446899414,30.335006713867188,30.159040451049805,13964700.0,21.381107330322266
2007-03-26,30.704837799072266,29.977108001708984,30.284305572509766,30.588520050048828,14360100.0,21.685585021972656
2007-03-27,30.859928131103516,30.37676239013672,30.588520050048828,30.54378318786621,13458100.0,21.653865814208984
2007-03-28,30.83606719970703,30.34693717956543,30.707820892333984,30.510974884033203,14207800.0,21.6306095123291
2007-03-29,30.859928131103516,30.314130783081055,30.743610382080078,30.379745483398438,15005500.0,21.537578582763672
2007-03-30,30.457290649414062,29.452186584472656,30.457290649414062,29.47604751586914,15558400.0,20.896907806396484
2007-04-02,30.096406936645508,29.517803192138672,29.523767471313477,29.962194442749023,12805000.0,21.24155616760254
2007-04-03,30.123249053955078,29.228500366210938,29.455169677734375,30.03973960876465,11097000.0,21.29653549194336
2007-04-04,30.537817001342773,29.738508224487305,29.98307228088379,30.421499252319336,16559900.0,21.567176818847656
2007-04-05,30.785364151000977,30.421499252319336,30.66010093688965,30.65711784362793,10503200.0,21.73421859741211
2007-04-09,31.086597442626953,30.28728675842285,30.677995681762695,30.400623321533203,13837700.0,21.552383422851562
2007-04-10,30.645187377929688,29.8846492767334,30.57062530517578,30.230619430541992,15422600.0,21.43185043334961
2007-04-11,30.719749450683594,30.033775329589844,30.156057357788086,30.227638244628906,13608300.0,21.429744720458984
2007-04-12,30.716768264770508,30.141145706176758,30.424482345581055,30.55571174621582,12304100.0,21.662328720092773
2007-04-13,30.850980758666992,30.218690872192383,30.71080207824707,30.41851806640625,12449600.0,21.565065383911133
2007-04-16,30.65413475036621,30.07851219177246,30.424482345581055,30.481149673461914,9377300.0,21.609464645385742
2007-04-17,30.66010093688965,29.553592681884766,30.567642211914062,29.804122924804688,13726700.0,21.12948989868164
2007-04-18,30.275358200073242,29.652015686035156,29.723594665527344,30.218690872192383,16687000.0,21.42340087890625
2007-04-19,30.212724685668945,29.77131462097168,30.087459564208984,29.98008918762207,9656300.0,21.25424575805664
2007-04-20,30.030792236328125,29.496925354003906,29.9532470703125,29.989036560058594,16501200.0,21.26058578491211
2007-04-23,30.34693717956543,29.810087203979492,29.830965042114258,29.938335418701172,11366600.0,21.224637985229492
2007-04-24,30.05167007446289,29.61622428894043,29.765350341796875,29.759384155273438,9261300.0,21.0977783203125
2007-04-25,30.8629093170166,29.80113983154297,30.10833740234375,30.58553695678711,18205100.0,21.6834716796875
2007-04-26,31.167125701904297,30.522905349731445,30.86589241027832,30.779399871826172,14006000.0,21.820913314819336
2007-04-27,30.910629272460938,30.451324462890625,30.663082122802734,30.66010093688965,9263000.0,21.73633575439453
2007-04-30,31.13431739807129,30.28728675842285,30.689924240112305,30.28728675842285,10550500.0,21.47202491760254
2007-05-01,30.72571563720703,30.048686981201172,30.31711196899414,30.203777313232422,15069900.0,21.41282081604004
2007-05-02,30.522905349731445,29.96816062927246,30.24851417541504,30.522905349731445,11500400.0,21.639068603515625
2007-05-03,31.04782485961914,30.102373123168945,30.302200317382812,30.89273452758789,12341600.0,21.90125846862793
2007-05-04,31.465375900268555,30.779399871826172,31.07765007019043,31.140281677246094,12000000.0,22.076759338378906
2007-05-07,31.220809936523438,30.830102920532227,30.985193252563477,31.137300491333008,7332700.0,22.07464027404785
2007-05-08,31.49818229675293,30.904664993286133,31.137300491333008,31.44151496887207,12088800.0,22.290313720703125
2007-05-09,31.879941940307617,31.137300491333008,31.41765594482422,31.7666072845459,13510800.0,22.52078628540039
2007-05-10,32.136436462402344,31.110458374023438,31.7666072845459,31.480287551879883,13415500.0,22.317800521850586
2007-05-11,32.133453369140625,31.55484962463379,31.760643005371094,32.02906799316406,11211300.0,22.70685577392578
2007-05-14,32.57784652709961,32.06187438964844,32.181175231933594,32.485389709472656,15143600.0,23.380752563476562
2007-05-15,33.4696159362793,32.54802322387695,33.19522476196289,33.24294662475586,20322200.0,23.92599105834961
2007-05-16,33.38908767700195,32.756797790527344,33.120662689208984,33.332420349121094,16243000.0,23.99039077758789
2007-05-17,34.12278366088867,33.216102600097656,33.25785827636719,33.836463928222656,12218600.0,24.35317039489746
2007-05-18,34.23611831665039,33.62470626831055,33.705230712890625,34.15559005737305,13139900.0,24.582849502563477
2007-05-21,34.91910934448242,34.268924713134766,34.50752639770508,34.61787796020508,17344500.0,24.915573120117188
2007-05-22,35.23227310180664,34.692440032958984,34.9161262512207,34.692440032958984,14770400.0,24.96923828125
2007-05-23,35.55736541748047,34.746124267578125,34.832618713378906,35.14577865600586,15310600.0,25.295522689819336
2007-05-24,35.75421142578125,34.76401901245117,35.19350051879883,34.89524841308594,18850900.0,25.115203857421875
2007-05-25,35.673683166503906,35.256134033203125,35.44701385498047,35.67070007324219,10886800.0,25.673322677612305
2007-05-29,35.85859680175781,35.1785888671875,35.590171813964844,35.45894241333008,13453800.0,25.520910263061523
2007-05-30,36.52369689941406,35.30683517456055,35.44104766845703,36.416324615478516,14169600.0,26.2099666595459
2007-05-31,37.20967102050781,36.472991943359375,36.56544876098633,36.926334381103516,17725000.0,26.577045440673828
2007-06-01,37.86880111694336,36.94422912597656,36.95317459106445,37.80617141723633,14366400.0,27.210289001464844
2007-06-04,38.408634185791016,37.53476333618164,37.8121337890625,38.286354064941406,11268700.0,27.555889129638672
2007-06-05,38.16108703613281,37.582481384277344,38.086524963378906,37.95529556274414,14686300.0,27.31761360168457
2007-06-06,37.931434631347656,37.02773666381836,37.880733489990234,37.27826690673828,13855800.0,26.830347061157227
2007-06-07,37.9851188659668,36.80405044555664,37.147037506103516,36.83089065551758,15800800.0,26.508342742919922
2007-06-08,37.43335723876953,36.59527587890625,36.824928283691406,37.415462493896484,11266000.0,26.929088592529297
2007-06-11,37.54669189453125,36.983001708984375,37.34090042114258,37.257389068603516,10327500.0,26.815317153930664
2007-06-12,37.42142868041992,36.65194320678711,37.22159957885742,36.675804138183594,11461100.0,26.396728515625
2007-06-13,37.63020324707031,36.8338737487793,37.04264831542969,37.60634231567383,9697900.0,27.06646728515625
2007-06-14,38.49214553833008,37.77336120605469,37.85985565185547,38.47425079345703,10432500.0,27.691131591796875
2007-06-15,39.56584548950195,38.59653091430664,38.623374938964844,39.5211067199707,17827900.0,28.444581985473633
2007-06-18,39.98936080932617,39.154258728027344,39.607601165771484,39.18110275268555,11525200.0,28.19987678527832
2007-06-19,38.94548416137695,38.32512664794922,38.53390121459961,38.58758544921875,11043700.0,27.772706985473633
2007-06-20,39.21987533569336,36.851768493652344,38.89179992675781,36.851768493652344,13804000.0,26.523372650146484
2007-06-21,37.8121337890625,36.983001708984375,37.26932144165039,37.7286262512207,9912400.0,27.154481887817383
2007-06-22,37.75844955444336,36.75632858276367,37.51985168457031,37.05458068847656,9146300.0,26.669342041015625
2007-06-25,37.53178024291992,36.49386978149414,36.80405044555664,37.04264831542969,10253400.0,26.660757064819336
2007-06-26,37.877750396728516,35.98684310913086,37.877750396728516,36.094215393066406,8650100.0,25.97814178466797
2007-06-27,35.790000915527344,34.6208610534668,34.746124267578125,35.72438430786133,13446700.0,25.71196174621582
2007-06-28,36.529659271240234,35.62297821044922,36.20158386230469,35.634910583496094,7163900.0,25.64756965637207
2007-06-29,36.53562545776367,35.56929397583008,36.17772674560547,35.76613998413086,8852300.0,25.742023468017578
2007-07-02,36.52369689941406,35.831756591796875,36.02859878540039,36.50579833984375,7465200.0,26.27437973022461
2007-07-03,37.63318634033203,36.9233512878418,37.102298736572266,37.56160354614258,7136200.0,27.03426170349121
2007-07-05,38.03880310058594,36.941246032714844,37.74055480957031,37.43037414550781,8624300.0,26.939817428588867
2007-07-06,38.003013610839844,37.501953125,37.847923278808594,37.931434631347656,5596100.0,27.300447463989258
2007-07-09,38.23564910888672,37.579498291015625,38.18196487426758,38.11634826660156,8123700.0,27.433536529541016
2007-07-10,38.4802131652832,37.43037414550781,37.9851188659668,38.211788177490234,12845000.0,27.502214431762695
2007-07-11,38.086524963378906,37.22159957885742,37.90757369995117,37.501953125,8470000.0,26.991334915161133
2007-07-12,38.19389343261719,37.501953125,37.579498291015625,38.03880310058594,10139100.0,27.377723693847656
2007-07-13,38.89179992675781,37.96126174926758,38.23564910888672,38.79636001586914,7280400.0,27.92296028137207
2007-07-16,38.89776611328125,37.317039489746094,38.772499084472656,37.69879913330078,7935600.0,27.13300895690918
2007-07-17,38.34898376464844,36.96510314941406,37.9851188659668,37.060546875,12223800.0,26.67364501953125
2007-07-18,38.044769287109375,36.59527587890625,36.839839935302734,37.865821838378906,11553200.0,27.253225326538086
2007-07-19,38.49214553833008,37.49002456665039,37.96722412109375,37.6391487121582,9468700.0,27.09008026123047
2007-07-20,37.64511489868164,36.314918518066406,37.44230651855469,36.54159164428711,11221200.0,26.300132751464844
2007-07-23,37.048614501953125,35.4619255065918,37.048614501953125,36.52369689941406,10451800.0,26.287256240844727
2007-07-24,36.20158386230469,34.4478759765625,35.855613708496094,34.632789611816406,14707700.0,24.926300048828125
2007-07-25,35.563331604003906,34.14962387084961,35.19350051879883,35.44403076171875,9814500.0,25.510183334350586
2007-07-26,35.211395263671875,32.956626892089844,35.02648162841797,33.97067642211914,12562600.0,24.44976806640625
2007-07-27,34.23313522338867,31.96047019958496,34.13172912597656,32.896976470947266,13927900.0,23.676986694335938
2007-07-30,34.12576675415039,32.908905029296875,33.1236457824707,34.0004997253418,9370400.0,24.47123146057129
2007-07-31,34.77595138549805,32.56890106201172,34.59700012207031,32.92679977416992,19468900.0,23.69844627380371
2007-08-01,33.04013442993164,29.974124908447266,32.36012649536133,32.34223175048828,16366100.0,23.277725219726562
2007-08-02,33.25487518310547,30.421499252319336,32.389949798583984,30.8629093170166,23845900.0,22.2130126953125
2007-08-03,31.578710556030273,29.628154754638672,31.137300491333008,29.7116641998291,16352000.0,21.38442039489746
2007-08-06,30.26044464111328,28.01760482788086,29.99798583984375,29.371660232543945,19384400.0,21.13970947265625
2007-08-07,31.423620223999023,28.631999969482422,29.09726905822754,31.25659942626953,21343600.0,22.49635887145996
2007-08-08,31.727834701538086,30.510974884033203,31.542919158935547,31.053789138793945,18889300.0,22.350385665893555
2007-08-09,31.375900268554688,29.371660232543945,30.421499252319336,29.371660232543945,20049400.0,21.13970947265625
2007-08-10,31.375900268554688,28.631999969482422,29.174814224243164,30.934490203857422,19373100.0,22.264528274536133
2007-08-13,32.74784851074219,31.375900268554688,31.882925033569336,32.067840576171875,13793400.0,23.08023452758789
2007-08-14,32.65837478637695,31.04782485961914,32.389949798583984,31.155195236206055,12648400.0,22.59246063232422
2007-08-15,31.912750244140625,29.663944244384766,31.310285568237305,29.825000762939453,13224400.0,21.627849578857422
2007-08-16,30.242549896240234,28.48287582397461,28.8705997467041,29.974124908447266,15653400.0,21.736000061035156
2007-08-17,32.026084899902344,30.326059341430664,30.75554084777832,31.87696075439453,14886600.0,23.11585235595703
2007-08-20,31.578710556030273,30.302200317382812,31.363969802856445,30.958349227905273,13099400.0,22.4497127532959
2007-08-21,31.01799964904785,30.200794219970703,30.749574661254883,30.534835815429688,12136100.0,22.14259910583496
2007-08-22,31.167125701904297,30.326059341430664,30.856945037841797,30.982210159301758,13924000.0,22.467018127441406
2007-08-23,31.584674835205078,30.230619430541992,31.49519920349121,30.510974884033203,12282900.0,22.12529945373535
2007-08-24,32.12749099731445,30.540800094604492,30.60045051574707,32.04994583129883,14027900.0,23.24129867553711
2007-08-27,31.912750244140625,31.465375900268555,31.912750244140625,31.5250244140625,9043200.0,22.860641479492188
2007-08-28,31.453445434570312,30.117284774780273,31.405725479125977,30.1948299407959,9233500.0,21.896039962768555
2007-08-29,32.169246673583984,30.534835815429688,30.588520050048828,32.03205108642578,11175100.0,23.228315353393555
2007-08-30,32.15134811401367,31.340110778808594,31.79344940185547,31.757659912109375,9633600.0,23.02933120727539
2007-08-31,32.56890106201172,31.942575454711914,32.330299377441406,32.1453857421875,6993600.0,23.310504913330078
2007-09-04,33.415931701660156,32.175209045410156,32.24679183959961,33.219085693359375,10209800.0,24.089109420776367
2007-09-05,33.749969482421875,33.1236457824707,33.1236457824707,33.439788818359375,12184900.0,24.2491512298584
2007-09-06,34.29278564453125,33.415931701660156,34.14962387084961,33.749969482421875,14259000.0,24.474075317382812
2007-09-07,33.386104583740234,32.27064895629883,33.18329620361328,32.51521682739258,12108400.0,23.57868766784668
2007-09-10,33.016273498535156,31.01799964904785,32.34223175048828,31.739765167236328,13420200.0,23.016368865966797
2007-09-11,32.020118713378906,31.071685791015625,31.942575454711914,31.542919158935547,13507600.0,22.873619079589844
2007-09-12,32.72399139404297,31.542919158935547,31.542919158935547,32.1931037902832,15015500.0,23.345109939575195
2007-09-13,32.956626892089844,32.27064895629883,32.3183708190918,32.72995376586914,12737600.0,23.734407424926758
2007-09-14,33.54716110229492,32.3660888671875,32.44960021972656,33.3443489074707,10210500.0,24.179941177368164
2007-09-17,34.03628921508789,33.11171340942383,33.19522476196289,33.66049575805664,11556200.0,24.409196853637695
2007-09-18,34.54331588745117,33.6545295715332,33.6903190612793,34.42998123168945,11842400.0,24.96719741821289
2007-09-19,35.521575927734375,34.68647384643555,34.86542510986328,34.82366943359375,15736200.0,25.252685546875
2007-09-20,35.18753433227539,34.67454528808594,34.82366943359375,34.799808502197266,8552200.0,25.235380172729492
2007-09-21,35.20542907714844,34.549278259277344,35.18753433227539,34.746124267578125,10742600.0,25.196447372436523
2007-09-24,34.835601806640625,34.25102996826172,34.69840621948242,34.45980453491211,6223800.0,24.988826751708984
2007-09-25,34.215240478515625,33.50540542602539,33.72610855102539,33.97067642211914,9292800.0,24.634138107299805
2007-09-26,34.77595138549805,33.58891677856445,34.50156021118164,34.322608947753906,8132400.0,24.88933753967285
2007-09-27,34.799808502197266,34.11980056762695,34.549278259277344,34.17945098876953,7894200.0,24.785531997680664
2007-09-28,34.88331985473633,33.6903190612793,34.549278259277344,34.012428283691406,9625600.0,24.664411544799805
2007-10-01,34.4478759765625,33.67242431640625,34.012428283691406,34.322608947753906,7897000.0,24.88933753967285
2007-10-02,34.39419174194336,33.02820587158203,33.97663879394531,34.24506378173828,9991400.0,24.833106994628906
2007-10-03,34.57313919067383,33.40996551513672,34.060150146484375,33.89909362792969,8731000.0,24.58222198486328
2007-10-04,34.859458923339844,33.51137161254883,33.66049575805664,34.41804885864258,8246200.0,24.95854377746582
2007-10-05,35.13981628417969,34.435943603515625,34.435943603515625,34.87139129638672,7254400.0,25.287288665771484
2007-10-08,35.48578643798828,34.34050369262695,34.78191375732422,34.942970275878906,7164100.0,25.339191436767578
2007-10-09,35.37245178222656,33.97067642211914,34.954898834228516,34.82366943359375,11504100.0,25.252685546875
2007-10-10,35.44999313354492,33.946815490722656,34.26295852661133,35.223323822021484,11332100.0,25.542503356933594
2007-10-11,35.790000915527344,34.07804489135742,35.36051940917969,34.46577072143555,8955400.0,24.9931583404541
2007-10-12,35.473854064941406,34.08997344970703,34.30471420288086,34.799808502197266,9098000.0,25.235380172729492
2007-10-15,35.634910583496094,34.77595138549805,35.37245178222656,35.408241271972656,10816000.0,25.676593780517578
2007-10-16,35.86754608154297,35.08612823486328,35.49174880981445,35.44999313354492,11919100.0,25.70686149597168
2007-10-17,35.9093017578125,34.25102996826172,35.87947463989258,34.54331588745117,9871400.0,25.049375534057617
2007-10-18,35.52753829956055,34.13172912597656,34.36436462402344,35.45595932006836,21439200.0,25.711191177368164
2007-10-19,35.44403076171875,34.477699279785156,35.253150939941406,34.66261672973633,19608200.0,25.13589096069336
2007-10-22,35.563331604003906,34.0004997253418,34.101905822753906,34.65665054321289,14359700.0,25.131568908691406
2007-10-23,35.05033874511719,33.87523651123047,34.59700012207031,34.435943603515625,7959500.0,24.97152328491211
2007-10-24,35.18753433227539,33.91102600097656,34.0004997253418,35.056304931640625,9257300.0,25.42137908935547
2007-10-25,35.742279052734375,34.704368591308594,35.33069610595703,35.575260162353516,9976500.0,25.797698974609375
2007-10-26,37.03071975708008,36.00474166870117,36.2672004699707,36.23141098022461,9536600.0,26.273523330688477
2007-10-29,36.8338737487793,35.676666259765625,36.80405044555664,36.08824920654297,7649100.0,26.169713973999023
2007-10-30,35.69456100463867,34.08401107788086,35.61701583862305,34.22120666503906,9014500.0,24.815805435180664
2007-10-31,35.65877151489258,34.4478759765625,34.692440032958984,35.27104568481445,12655600.0,25.577098846435547
2007-11-01,35.90333557128906,34.328575134277344,34.59700012207031,34.40015411376953,10648700.0,24.945568084716797
2007-11-02,35.843685150146484,34.483665466308594,34.901214599609375,35.59912109375,11126900.0,25.81501007080078
2007-11-05,35.77806854248047,34.68647384643555,35.19350051879883,35.044376373291016,8534600.0,25.412729263305664
2007-11-06,36.74440002441406,35.2889404296875,36.74440002441406,36.583343505859375,10188600.0,26.528736114501953
2007-11-07,37.43037414550781,35.790000915527344,36.8875617980957,35.855613708496094,13319500.0,26.00101089477539
2007-11-08,36.96510314941406,35.5096435546875,36.36860656738281,36.39246368408203,12972600.0,26.39029884338379
2007-11-09,36.38053512573242,35.52753829956055,36.38053512573242,35.60508346557617,8040000.0,25.819337844848633
2007-11-12,35.44999313354492,34.22120666503906,35.44999313354492,34.23910140991211,9265500.0,24.828781127929688
2007-11-13,34.8057746887207,33.25487518310547,34.28681945800781,34.328575134277344,14472400.0,24.893667221069336
2007-11-14,35.163673400878906,33.1594352722168,34.65068435668945,33.36820983886719,11676900.0,24.197250366210938
2007-11-15,33.47557830810547,32.1453857421875,33.374176025390625,32.44960021972656,9779000.0,23.53110122680664
2007-11-16,34.5850715637207,33.0341682434082,33.08189010620117,34.30471420288086,13826300.0,24.876358032226562
2007-11-19,34.328575134277344,33.47557830810547,34.15559005737305,33.60084533691406,9717100.0,24.53760528564453
2007-11-20,34.78191375732422,33.70225143432617,33.75593566894531,34.29278564453125,11051800.0,25.042909622192383
2007-11-21,34.51348876953125,33.40996551513672,34.15559005737305,33.56505584716797,7781500.0,24.511470794677734
2007-11-23,33.85734176635742,33.18329620361328,33.85734176635742,33.62470626831055,4424900.0,24.55504035949707
2007-11-26,33.76190185546875,32.026084899902344,33.55908966064453,32.08573532104492,10760400.0,23.43117332458496
2007-11-27,32.19906997680664,31.012035369873047,32.08573532104492,31.817310333251953,11537800.0,23.235153198242188
2007-11-28,32.84328842163086,31.94853973388672,32.121524810791016,32.70609664916992,12115800.0,23.884199142456055
2007-11-29,33.398033142089844,32.15731430053711,32.66434097290039,32.99241638183594,8955900.0,24.09328842163086
2007-11-30,33.46364974975586,32.753814697265625,33.45172119140625,33.3443489074707,9517000.0,24.350297927856445
2007-12-03,34.07804489135742,33.1236457824707,33.1236457824707,33.86927032470703,8700000.0,24.73363494873047
2007-12-04,33.863304138183594,33.332420349121094,33.60084533691406,33.33838653564453,6940900.0,24.345945358276367
2007-12-05,34.08401107788086,33.481544494628906,33.636634826660156,33.78575897216797,9155400.0,24.67264747619629
2007-12-06,35.09209442138672,33.67242431640625,33.76190185546875,34.889286041259766,8092800.0,25.478513717651367
2007-12-07,35.730350494384766,34.942970275878906,35.02648162841797,35.33069610595703,9161400.0,25.80086326599121
2007-12-10,35.634910583496094,35.068233489990234,35.36051940917969,35.20542907714844,5721000.0,25.70939064025879
2007-12-11,35.730350494384766,34.734195709228516,35.33069610595703,34.89524841308594,10403600.0,25.48287010192871
2007-12-12,36.14789962768555,35.044376373291016,35.64087677001953,35.44403076171875,10466200.0,25.883621215820312
2007-12-13,35.67070007324219,34.92507553100586,35.18753433227539,35.587188720703125,6365900.0,25.988170623779297
2007-12-14,35.65877151489258,34.60892868041992,35.43806457519531,34.787879943847656,8295300.0,25.40445327758789
2007-12-17,34.787879943847656,33.70225143432617,34.567176818847656,34.03628921508789,7786400.0,24.85560417175293
2007-12-18,35.163673400878906,33.98857116699219,34.256996154785156,34.91910934448242,7191200.0,25.500288009643555
2007-12-19,35.49174880981445,34.71630096435547,34.99665451049805,34.9310417175293,7160100.0,25.50901222229004
2007-12-20,35.730350494384766,35.19350051879883,35.25911331176758,35.69456100463867,8572100.0,26.066591262817383
2007-12-21,36.672821044921875,35.790000915527344,35.87947463989258,36.631065368652344,10906100.0,26.750478744506836
2007-12-24,36.91738510131836,36.39246368408203,36.53562545776367,36.91141891479492,1915300.0,26.955217361450195
2007-12-26,37.50791931152344,36.72053909301758,36.74440002441406,37.33493423461914,5137100.0,27.264497756958008
2007-12-27,37.621253967285156,36.87562942504883,37.150020599365234,36.947208404541016,6366100.0,26.98134994506836
2007-12-28,37.49599075317383,37.00089645385742,37.06650924682617,37.20967102050781,4392600.0,27.173017501831055
2007-12-31,37.257389068603516,36.153865814208984,37.161949157714844,36.3029899597168,5529900.0,26.51089859008789
2008-01-02,36.95317459106445,36.38650131225586,36.38650131225586,36.625099182128906,9545100.0,26.74612808227539
2008-01-03,37.710731506347656,36.38650131225586,36.81597900390625,36.91141891479492,8039700.0,26.955217361450195
2008-01-04,36.59527587890625,35.4619255065918,36.59527587890625,35.533504486083984,10010500.0,25.948970794677734
2008-01-07,35.945091247558594,34.8057746887207,35.479820251464844,35.163673400878906,12575600.0,25.67889404296875
2008-01-08,36.14193344116211,34.81770324707031,35.742279052734375,34.93700408935547,14288100.0,25.51335906982422
2008-01-09,34.680511474609375,33.517333984375,34.29875183105469,34.1376953125,14044400.0,24.92965316772461
2008-01-10,34.0004997253418,32.491355895996094,33.708213806152344,33.386104583740234,12597300.0,24.38079071044922
2008-01-11,33.296630859375,32.42573928833008,33.010311126708984,32.50925064086914,9816200.0,23.740447998046875
2008-01-14,32.98048400878906,32.067840576171875,32.83135986328125,32.73591995239258,9650600.0,23.90597915649414
2008-01-15,32.39591598510742,31.083614349365234,32.39591598510742,31.11940574645996,10225600.0,22.725496292114258
2008-01-16,31.572744369506836,29.848859786987305,31.041860580444336,30.093425750732422,13416400.0,21.97625732421875
2008-01-17,30.761505126953125,28.303924560546875,30.188865661621094,28.470945358276367,15795400.0,20.791406631469727
2008-01-18,29.329904556274414,27.41514015197754,28.679719924926758,28.32778549194336,17744600.0,20.68686294555664
2008-01-22,28.130939483642578,25.792659759521484,26.34740447998047,27.8505859375,23830000.0,20.33837890625
2008-01-23,28.17269515991211,25.84037971496582,27.03338050842285,28.17269515991211,17537800.0,20.5736141204834
2008-01-24,30.10535430908203,28.190589904785156,28.190589904785156,29.819034576416016,17924500.0,21.775875091552734
2008-01-25,30.16500473022461,29.133060455322266,30.027809143066406,29.24043083190918,15673500.0,21.35333824157715
2008-01-28,29.89657974243164,28.57831573486328,29.341835021972656,29.87272071838379,10472000.0,21.815082550048828
2008-01-29,31.477304458618164,30.433429718017578,30.433429718017578,31.095544815063477,14407500.0,22.70807456970215
2008-01-30,31.31624984741211,30.057634353637695,31.274494171142578,30.367815017700195,11665200.0,22.1766300201416
2008-01-31,29.64604949951172,27.82076072692871,29.64604949951172,28.077255249023438,22055900.0,20.5039119720459
2008-02-01,29.317974090576172,28.17269515991211,28.822879791259766,29.282184600830078,20279200.0,21.383834838867188
2008-02-04,29.699735641479492,28.834810256958008,29.371660232543945,29.186744689941406,11480800.0,21.314136505126953
2008-02-05,28.679719924926758,27.856550216674805,28.679719924926758,28.023569107055664,13520500.0,20.464704513549805
2008-02-06,28.459014892578125,27.230224609375,28.459014892578125,27.367420196533203,12174800.0,19.98554229736328
2008-02-07,27.87444496154785,26.96776580810547,27.266014099121094,27.606019973754883,14721200.0,20.15978240966797
2008-02-08,29.669910430908203,27.916200637817383,28.190589904785156,29.455169677734375,19207000.0,21.510160446166992
2008-02-11,29.61622428894043,28.72147560119629,29.53271484375,29.34779930114746,16633000.0,21.431747436523438
2008-02-12,30.254480361938477,29.10919952392578,29.467100143432617,29.437274932861328,12357900.0,21.497087478637695
2008-02-13,30.284305572509766,29.598329544067383,29.598329544067383,30.188865661621094,10151000.0,22.04595184326172
2008-02-14,30.934490203857422,30.200794219970703,30.41553497314453,30.254480361938477,11013500.0,22.0938663482666
2008-02-15,30.397640228271484,29.63412094116211,30.20676040649414,30.3320255279541,11363100.0,22.327613830566406
2008-02-19,31.698009490966797,30.791330337524414,31.167125701904297,31.334144592285156,14113800.0,23.06528663635254
2008-02-20,31.59660530090332,30.73764419555664,31.32818031311035,31.47134017944336,11151800.0,23.16628074645996
2008-02-21,31.584674835205078,30.123249053955078,31.375900268554688,30.302200317382812,9884800.0,22.3056640625
2008-02-22,30.773435592651367,29.825000762939453,30.481149673461914,30.749574661254883,8277600.0,22.634979248046875
2008-02-25,31.477304458618164,30.463254928588867,30.749574661254883,31.274494171142578,7434800.0,23.02137565612793
2008-02-26,32.19906997680664,30.88080406188965,31.185020446777344,31.870994567871094,9181300.0,23.46046257019043
2008-02-27,32.72399139404297,31.662220001220703,31.894855499267578,32.42573928833008,12922200.0,23.868812561035156
2008-02-28,32.71802520751953,32.09766387939453,32.50925064086914,32.30047607421875,18546300.0,23.77660369873047
2008-02-29,32.03801345825195,31.59660530090332,32.0081901550293,31.70993995666504,11703400.0,23.34190559387207
2008-03-03,32.31240463256836,31.584674835205078,31.620464324951172,32.09766387939453,10466800.0,23.627315521240234
2008-03-04,32.055908203125,30.988174438476562,31.85906410217285,31.530990600585938,19109300.0,23.210182189941406
2008-03-05,32.07380676269531,31.536954879760742,31.87696075439453,31.996259689331055,11010200.0,23.552669525146484
2008-03-06,32.21099853515625,30.827119827270508,31.775554656982422,30.988174438476562,13669400.0,22.81061363220215
2008-03-07,31.000104904174805,30.16500473022461,30.546764373779297,30.695890426635742,13637000.0,22.595460891723633
2008-03-10,31.429584503173828,30.373779296875,30.516939163208008,30.96431541442871,11328000.0,22.793052673339844
2008-03-11,32.491355895996094,31.530990600585938,31.727834701538086,32.41977310180664,16421400.0,23.86441993713379
2008-03-12,32.533111572265625,30.761505126953125,32.50925064086914,30.928525924682617,13293700.0,22.766708374023438
2008-03-13,31.41168975830078,29.65797996520996,30.55869483947754,31.244670867919922,13891100.0,22.999418258666992
2008-03-14,31.41765594482422,29.598329544067383,31.41765594482422,30.224655151367188,12732200.0,22.248577117919922
2008-03-17,28.5604190826416,27.629880905151367,28.035499572753906,27.856550216674805,18760400.0,20.50540542602539
2008-03-18,28.96007537841797,27.767074584960938,28.333749771118164,28.96007537841797,14311100.0,21.317712783813477
2008-03-19,29.258325576782227,26.920045852661133,28.966039657592773,26.979694366455078,16407800.0,19.859943389892578
2008-03-20,27.80286407470703,26.27582550048828,26.979694366455078,27.74917984008789,16243000.0,20.42636489868164
2008-03-24,28.8705997467041,27.755144119262695,27.922164916992188,28.178659439086914,9298700.0,20.742507934570312
2008-03-25,28.602174758911133,27.8923397064209,28.148834228515625,28.095149993896484,10067200.0,20.6810359954834
2008-03-26,28.93025016784668,28.136905670166016,28.136905670166016,28.441120147705078,12887000.0,20.935699462890625
2008-03-27,28.74533462524414,27.946025848388672,28.48287582397461,28.035499572753906,11653100.0,20.637130737304688
2008-03-28,28.2025203704834,27.611984252929688,28.035499572753906,27.713390350341797,11589600.0,20.400020599365234
2008-03-31,27.784969329833984,26.96776580810547,27.689529418945312,27.20039939880371,15216400.0,20.022403717041016
2008-04-01,27.743215560913086,26.59793472290039,27.33163070678711,27.683565139770508,18148300.0,20.37805938720703
2008-04-02,28.59024429321289,27.373384475708008,27.659704208374023,28.315855026245117,10639800.0,20.843505859375
2008-04-03,29.127094268798828,28.25620460510254,28.32778549194336,28.512699127197266,12371300.0,20.9883975982666
2008-04-04,29.359729766845703,28.57831573486328,28.673755645751953,29.10919952392578,10300700.0,21.427486419677734
2008-04-07,29.652015686035156,28.8705997467041,29.383590698242188,28.977970123291016,11688000.0,21.33088493347168
2008-04-08,29.21060562133789,28.393400192260742,28.71550941467285,28.810949325561523,10052400.0,21.207937240600586
2008-04-09,29.133060455322266,27.999710083007812,28.512699127197266,28.148834228515625,11502200.0,20.720558166503906
2008-04-10,28.2025203704834,27.11688995361328,28.17269515991211,27.283910751342773,14336600.0,20.083877563476562
2008-04-11,27.33163070678711,26.770919799804688,27.134784698486328,26.794780731201172,8970100.0,19.72382354736328
2008-04-14,27.80883026123047,26.788814544677734,26.83653450012207,27.62391471862793,11221600.0,20.334156036376953
2008-04-15,27.916200637817383,27.266014099121094,27.73724937438965,27.3614559173584,9836800.0,20.140958786010742
2008-04-16,28.530595779418945,27.38531494140625,27.38531494140625,28.435155868530273,15824900.0,20.931310653686523
2008-04-17,29.103235244750977,28.238309860229492,28.35761070251465,29.019725799560547,12945300.0,21.361621856689453
2008-04-18,29.484994888305664,28.673755645751953,29.2225341796875,29.103235244750977,11335600.0,21.423093795776367
2008-04-21,29.568504333496094,28.966039657592773,29.10919952392578,29.3537654876709,8793100.0,21.607515335083008
2008-04-22,29.484994888305664,28.72147560119629,29.317974090576172,28.8705997467041,11200100.0,21.25185203552246
2008-04-23,28.966039657592773,28.524629592895508,28.864635467529297,28.655860900878906,10646400.0,21.093780517578125
2008-04-24,28.631999969482422,27.617950439453125,28.50673484802246,27.7193546295166,10306700.0,20.40440559387207
2008-04-25,28.3814697265625,27.516544342041016,27.814794540405273,27.677600860595703,11132400.0,20.373672485351562
2008-04-28,27.975849151611328,27.49864959716797,27.975849151611328,27.683565139770508,7998900.0,20.37805938720703
2008-04-29,27.796899795532227,27.349525451660156,27.72532081604004,27.367420196533203,12182300.0,20.145349502563477
2008-04-30,27.611984252929688,27.003555297851562,27.611984252929688,27.182504653930664,16538600.0,20.009233474731445
2008-05-01,28.685684204101562,27.134784698486328,27.600055694580078,28.57831573486328,22446900.0,21.036701202392578
2008-05-02,30.719749450683594,28.667789459228516,28.667789459228516,30.302200317382812,20205800.0,22.3056640625
2008-05-05,31.012035369873047,30.302200317382812,30.308164596557617,30.815189361572266,9766600.0,22.683273315429688
2008-05-06,31.70993995666504,30.409570693969727,30.988174438476562,31.50116539001465,14629100.0,23.188230514526367
2008-05-07,31.578710556030273,30.910629272460938,31.578710556030273,31.053789138793945,14369100.0,22.85890769958496
2008-05-08,31.644325256347656,30.988174438476562,31.214845657348633,31.560815811157227,10656900.0,23.232139587402344
2008-05-09,31.602569580078125,31.01799964904785,31.465375900268555,31.352039337158203,10048700.0,23.078454971313477
2008-05-12,31.900819778442383,31.25659942626953,31.375900268554688,31.817310333251953,8131400.0,23.42094612121582
2008-05-13,32.03205108642578,31.49519920349121,31.799415588378906,31.912750244140625,9897700.0,23.491201400756836
2008-05-14,32.03205108642578,31.155195236206055,32.03205108642578,31.167125701904297,12478900.0,22.94234275817871
2008-05-15,31.769590377807617,31.13133430480957,31.507129669189453,31.733800888061523,11011000.0,23.359472274780273
2008-05-16,33.25487518310547,32.21099853515625,32.2288932800293,32.83732604980469,13936700.0,24.171785354614258
2008-05-19,33.016273498535156,31.662220001220703,32.83732604980469,31.87696075439453,19053800.0,23.637622833251953
2008-05-20,32.45556640625,31.01799964904785,31.924680709838867,31.70993995666504,17481600.0,23.513771057128906
2008-05-21,32.59275817871094,31.644325256347656,31.847135543823242,32.276615142822266,26994400.0,23.93397331237793
2008-05-22,32.336265563964844,31.459409713745117,32.25872039794922,31.530990600585938,10841000.0,23.381067276000977
2008-05-23,31.853099822998047,30.75554084777832,31.614500045776367,30.89273452758789,8631800.0,22.907787322998047
2008-05-27,30.982210159301758,30.141145706176758,30.86887550354004,30.39167594909668,10853100.0,22.536237716674805
2008-05-28,30.779399871826172,30.045705795288086,30.41553497314453,30.522905349731445,12994100.0,22.6335506439209
2008-05-29,30.624309539794922,30.129215240478516,30.34992027282715,30.224655151367188,14779700.0,22.41239356994629
2008-05-30,30.845014572143555,30.272375106811523,30.582555770874023,30.65413475036621,24827300.0,22.730863571166992
2008-06-02,31.065719604492188,30.302200317382812,30.5050106048584,30.785364151000977,23346500.0,22.828168869018555
2008-06-03,31.31624984741211,30.540800094604492,30.719749450683594,30.886770248413086,20150300.0,22.903369903564453
2008-06-04,31.01799964904785,29.765350341796875,31.000104904174805,29.783245086669922,18621100.0,22.085071563720703
2008-06-05,30.493080139160156,29.622190475463867,30.123249053955078,30.421499252319336,20604300.0,22.558351516723633
2008-06-06,30.92255973815918,29.538679122924805,30.75554084777832,29.538679122924805,14924300.0,21.903717041015625
2008-06-09,30.47518539428711,29.68780517578125,29.830965042114258,30.1948299407959,11874900.0,22.39026641845703
2008-06-10,30.57062530517578,29.789209365844727,30.057634353637695,30.32009506225586,15603600.0,22.483158111572266
2008-06-11,30.546764373779297,29.663944244384766,30.337989807128906,30.40360450744629,19696500.0,22.545076370239258
2008-06-12,30.874839782714844,30.39167594909668,30.66010093688965,30.534835815429688,17723300.0,22.642396926879883
2008-06-13,30.72571563720703,30.34992027282715,30.493080139160156,30.65413475036621,12675400.0,22.730863571166992
2008-06-16,30.898700714111328,30.55869483947754,30.72571563720703,30.71378517150879,14047700.0,22.77509117126465
2008-06-17,31.727834701538086,30.75554084777832,30.940454483032227,31.6562557220459,21151000.0,23.47395133972168
2008-06-18,31.912750244140625,31.10150909423828,31.393795013427734,31.823274612426758,15332400.0,23.597806930541992
2008-06-19,32.07380676269531,30.910629272460938,31.930644989013672,31.10150909423828,14331900.0,23.062599182128906
2008-06-20,31.375900268554688,30.212724685668945,31.31624984741211,30.26641082763672,12469500.0,22.4433536529541
2008-06-23,31.334144592285156,30.20676040649414,30.272375106811523,31.32818031311035,13371500.0,23.230680465698242
2008-06-24,31.924680709838867,30.821155548095703,31.20291519165039,31.578710556030273,14089300.0,23.41645622253418
2008-06-25,31.787485122680664,30.988174438476562,31.75169563293457,31.322214126586914,15975500.0,23.22624969482422
2008-06-26,31.823274612426758,30.212724685668945,31.167125701904297,30.355884552001953,14512300.0,22.50969696044922
2008-06-27,31.071685791015625,30.36185073852539,30.427465438842773,30.552730560302734,15337300.0,22.655668258666992
2008-06-30,31.274494171142578,30.606414794921875,30.606414794921875,30.940454483032227,11132700.0,22.943172454833984
2008-07-01,31.507129669189453,30.540800094604492,30.76746940612793,31.4832706451416,14750300.0,23.34568214416504
2008-07-02,32.19906997680664,30.57062530517578,31.459409713745117,30.75554084777832,17364900.0,22.806053161621094
2008-07-03,31.31624984741211,30.057634353637695,30.95238494873047,30.564659118652344,8591600.0,22.66451072692871
2008-07-07,31.10747528076172,29.383590698242188,30.540800094604492,29.735525131225586,12321000.0,22.049684524536133
2008-07-08,29.944299697875977,28.631999969482422,29.944299697875977,29.162885665893555,19430100.0,21.62505531311035
2008-07-09,29.908510208129883,28.53656005859375,29.87272071838379,28.53656005859375,16671900.0,21.160619735717773
2008-07-10,28.50673484802246,27.43899917602539,28.363574981689453,28.023569107055664,20947600.0,20.78021812438965
2008-07-11,28.190589904785156,27.039344787597656,28.190589904785156,27.784969329833984,19025300.0,20.603300094604492
2008-07-14,27.98777961730957,27.134784698486328,27.98777961730957,27.236190795898438,10271900.0,20.196367263793945
2008-07-15,27.081100463867188,26.090909957885742,27.07513427734375,26.090909957885742,14574100.0,19.347108840942383
2008-07-16,26.842500686645508,25.542129516601562,25.96564483642578,25.96564483642578,13855400.0,19.254222869873047
2008-07-17,26.51442527770996,25.512304306030273,25.852310180664062,25.96564483642578,17414400.0,19.254222869873047
2008-07-18,27.069169998168945,25.733009338378906,26.38916015625,25.876169204711914,17700900.0,19.187870025634766
2008-07-21,26.44284439086914,25.53019905090332,26.222139358520508,26.34740447998047,14470400.0,19.537303924560547
2008-07-22,26.33547592163086,25.738975524902344,26.246000289916992,26.114770889282227,11503200.0,19.364803314208984
2008-07-23,26.162490844726562,25.285634994506836,26.096874237060547,25.464584350585938,15813000.0,18.88266372680664
2008-07-24,25.792659759521484,24.540010452270508,25.494409561157227,24.68913459777832,18414000.0,18.307653427124023
2008-07-25,25.488445281982422,24.677204132080078,24.933700561523438,25.387039184570312,13360200.0,18.825166702270508
2008-07-28,25.917924880981445,25.26774024963379,25.643535614013672,25.26774024963379,11231300.0,18.736705780029297
2008-07-29,25.667394638061523,24.528079986572266,25.327390670776367,25.214054107666016,11063200.0,18.69689178466797
2008-07-30,26.94986915588379,25.214054107666016,25.214054107666016,26.920045852661133,16732700.0,19.961929321289062
2008-07-31,29.556575775146484,27.82076072692871,29.0435848236084,29.50885581970215,39850600.0,21.881603240966797
2008-08-01,29.63412094116211,28.32778549194336,28.739370346069336,28.518665313720703,18564400.0,21.147350311279297
2008-08-04,28.596210479736328,26.860395431518555,28.321819305419922,26.96776580810547,12992400.0,19.997312545776367
2008-08-05,27.164609909057617,26.144594192504883,26.621795654296875,26.47266960144043,18620400.0,19.630189895629883
2008-08-06,27.683565139770508,26.43091583251953,26.615829467773438,27.462860107421875,15423400.0,20.364442825317383
2008-08-07,27.90427017211914,26.842500686645508,27.713390350341797,26.848464965820312,12493700.0,19.908851623535156
2008-08-08,27.576194763183594,26.329509735107422,26.770919799804688,27.433034896850586,10141400.0,20.342329025268555
2008-08-11,28.04743003845215,27.3614559173584,27.462860107421875,27.87444496154785,13333900.0,20.669647216796875
2008-08-12,28.18462562561035,27.027414321899414,28.04743003845215,27.17654037475586,13052600.0,20.152128219604492
2008-08-13,28.3814697265625,27.164609909057617,27.182504653930664,28.208484649658203,11640000.0,20.917341232299805
2008-08-14,28.154800415039062,27.1884708404541,28.04743003845215,27.391279220581055,8273500.0,20.311363220214844
2008-08-15,27.34355926513672,26.293720245361328,27.1884708404541,26.75302505493164,10048900.0,19.83807945251465
2008-08-18,27.295839309692383,26.240034103393555,27.295839309692383,26.395124435424805,9674000.0,19.749862670898438
2008-08-19,26.830570220947266,26.198280334472656,26.401090621948242,26.603900909423828,10471900.0,19.906078338623047
2008-08-20,27.289875030517578,26.478635787963867,26.83653450012207,27.17654037475586,13384700.0,20.334545135498047
2008-08-21,27.617950439453125,27.134784698486328,27.617950439453125,27.444965362548828,9665200.0,20.535396575927734
2008-08-22,27.3614559173584,26.538284301757812,27.254085540771484,26.82460594177246,6464000.0,20.071218490600586
2008-08-25,27.10495948791504,26.228105545043945,26.788814544677734,26.448810577392578,7600300.0,19.7900333404541
2008-08-26,27.128820419311523,26.257930755615234,26.520389556884766,26.54425048828125,8288300.0,19.861446380615234
2008-08-27,27.49864959716797,26.68144416809082,27.069169998168945,27.283910751342773,9601000.0,20.414888381958008
2008-08-28,27.701459884643555,26.609865188598633,27.701459884643555,27.128820419311523,5900200.0,20.298845291137695
2008-08-29,27.403209686279297,26.83653450012207,27.325664520263672,26.884254455566406,6139900.0,20.11585235595703
2008-09-02,26.532320022583008,25.649499893188477,26.096874237060547,25.67336082458496,8886100.0,19.209810256958008
2008-09-03,26.383195877075195,25.53019905090332,25.649499893188477,26.311614990234375,11136700.0,19.687379837036133
2008-09-04,26.764955520629883,25.44668960571289,25.947750091552734,26.102840423583984,13849200.0,19.53116798400879
2008-09-05,26.174419403076172,25.12458038330078,25.983539581298828,26.019329071044922,9404600.0,19.468677520751953
2008-09-08,26.890220642089844,25.637569427490234,26.609865188598633,26.186349868774414,10469700.0,19.59364891052246
2008-09-09,26.186349868774414,23.681049346923828,25.643535614013672,23.72280502319336,19490300.0,17.750333786010742
2008-09-10,25.315460205078125,23.955440521240234,23.955440521240234,25.064929962158203,14466700.0,18.75456428527832
2008-09-11,26.102840423583984,24.462465286254883,24.975454330444336,26.06705093383789,14663200.0,19.504392623901367
2008-09-12,27.617950439453125,25.709150314331055,26.12073516845703,27.462860107421875,16253100.0,20.548782348632812
2008-09-15,26.55617904663086,24.307374954223633,24.79054069519043,24.349130630493164,13897500.0,18.218965530395508
2008-09-16,25.488445281982422,23.156129837036133,23.5975399017334,25.142475128173828,18579700.0,18.81258201599121
2008-09-17,25.548095703125,23.633329391479492,24.71895980834961,23.871929168701172,19949300.0,17.861907958984375
2008-09-18,24.68913459777832,22.37471580505371,24.313339233398438,23.782455444335938,22181700.0,17.794967651367188
2008-09-19,26.043190002441406,23.782455444335938,25.2379150390625,25.852310180664062,16009800.0,19.34370994567871
2008-09-22,26.096874237060547,24.390884399414062,26.084945678710938,24.641414642333984,11777200.0,18.437671661376953
2008-09-23,24.81439971923828,23.030864715576172,24.492290496826172,23.227710723876953,16754700.0,17.3798828125
2008-09-24,24.15825080871582,23.263500213623047,23.555784225463867,23.997194290161133,15705400.0,17.95564079284668
2008-09-25,24.927734375,23.812280654907227,24.223865509033203,24.79054069519043,11673000.0,18.54924964904785
2008-09-26,24.4386043548584,23.38279914855957,24.253690719604492,24.35509490966797,15241700.0,18.22343635559082
2008-09-29,24.074739456176758,21.81400489807129,23.74666404724121,22.35681915283203,19146300.0,16.72825050354004
2008-09-30,23.967369079589844,22.678930282592773,23.066654205322266,23.782455444335938,17143800.0,17.794967651367188
2008-10-01,23.543855667114258,22.070499420166016,22.923494338989258,23.150165557861328,12681600.0,17.32186508178711
2008-10-02,22.97718048095703,21.199609756469727,22.798229217529297,21.438209533691406,13461800.0,16.04090690612793
2008-10-03,23.024900436401367,20.96697425842285,21.50382423400879,21.22347068786621,11316300.0,15.880227088928223
2008-10-06,20.74626922607422,17.895000457763672,20.525564193725586,19.958890914916992,21750000.0,14.934022903442383
2008-10-07,20.931184768676758,18.127634048461914,20.73434066772461,18.229040145874023,17226600.0,13.639676094055176
2008-10-08,19.099929809570312,16.863054275512695,17.54306411743164,17.477449417114258,27030000.0,13.077311515808105
2008-10-09,18.628694534301758,16.033920288085938,17.990440368652344,16.033920288085938,20315300.0,11.997204780578613
2008-10-10,16.749719619750977,13.898449897766113,15.139169692993164,15.246540069580078,26053600.0,11.40805721282959
2008-10-13,18.807645797729492,15.55075454711914,16.28445053100586,18.807645797729492,24553700.0,14.072615623474121
2008-10-14,20.728374481201172,16.839195251464844,19.773975372314453,17.805524826049805,20938900.0,13.32278823852539
2008-10-15,17.1374454498291,13.987924575805664,16.57673454284668,14.321965217590332,20897700.0,10.716257095336914
2008-10-16,15.789355278015137,13.4391450881958,14.572495460510254,15.753564834594727,23133200.0,11.787431716918945
2008-10-17,16.80340576171875,14.852849960327148,14.97811508178711,15.479174613952637,21390700.0,11.582121849060059
2008-10-20,16.361995697021484,15.467245101928711,15.986200332641602,16.332170486450195,29755500.0,12.220369338989258
2008-10-21,16.529014587402344,15.46127986907959,15.89076042175293,15.723739624023438,14759400.0,11.765115737915039
2008-10-22,15.037764549255371,12.824749946594238,14.697759628295898,13.415285110473633,23097000.0,10.037841796875
2008-10-23,15.264434814453125,13.40335464477539,13.570375442504883,15.031800270080566,23959700.0,11.247381210327148
2008-10-24,14.55459976196289,13.123000144958496,13.170720100402832,14.053540229797363,14775100.0,10.51540470123291
2008-10-27,14.524774551391602,13.212474822998047,13.67177963256836,13.230369567871094,11634000.0,9.899481773376465
2008-10-28,14.930395126342773,13.152825355529785,14.238454818725586,14.882675170898438,16491500.0,11.135802268981934
2008-10-29,16.189010620117188,14.912500381469727,14.94828987121582,15.294260025024414,16602500.0,11.443763732910156
2008-10-30,16.582700729370117,14.912500381469727,16.12936019897461,16.540945053100586,17310900.0,12.376582145690918
2008-10-31,17.835350036621094,15.831110000610352,16.218835830688477,17.358150482177734,16282300.0,12.98804759979248
2008-11-03,18.2886905670166,16.570770263671875,18.2886905670166,16.6483154296875,16935600.0,12.45691967010498
2008-11-04,18.44378089904785,17.149375915527344,17.149375915527344,18.425884246826172,14683300.0,13.786970138549805
2008-11-05,18.96273422241211,17.716049194335938,17.793594360351562,17.871139526367188,13566100.0,13.3718843460083
2008-11-06,17.984474182128906,16.29637908935547,17.871139526367188,16.713930130004883,12999300.0,12.506017684936523
2008-11-07,17.76973533630371,16.218835830688477,16.892879486083984,17.059900283813477,14114800.0,12.764883041381836
2008-11-10,17.984474182128906,16.52305030822754,17.817455291748047,17.006214141845703,9906400.0,12.724712371826172
2008-11-11,16.612525939941406,15.81917953491211,16.612525939941406,15.950409889221191,11315800.0,11.934717178344727
2008-11-12,15.986200332641602,14.393545150756836,15.747599601745605,14.399510383605957,12480100.0,10.774274826049805
2008-11-13,16.707965850830078,13.749324798583984,14.506879806518555,16.642349243164062,17105400.0,12.4524564743042
2008-11-14,17.0002498626709,15.359874725341797,15.914620399475098,15.920584678649902,14171100.0,11.912406921386719
2008-11-17,15.777424812316895,14.763375282287598,15.46127986907959,14.811095237731934,14390700.0,11.251861572265625
2008-11-18,15.240574836730957,14.375650405883789,14.98408031463623,15.091449737548828,17287100.0,11.464841842651367
2008-11-19,15.389699935913086,14.315999984741211,14.954255104064941,14.381614685058594,13341100.0,10.925588607788086
2008-11-20,14.137049674987793,11.536310195922852,13.749324798583984,11.67947006225586,24794400.0,8.87278938293457
2008-11-21,13.570375442504883,11.995615005493164,12.270005226135254,13.43317985534668,20006500.0,10.205069541931152
2008-11-24,14.912500381469727,13.307914733886719,14.089329719543457,14.62021541595459,14443500.0,11.106852531433105
2008-11-25,15.168994903564453,14.42933464050293,14.94828987121582,15.037764549255371,12609200.0,11.424063682556152
2008-11-26,15.86093521118164,14.67389965057373,14.900569915771484,15.765495300292969,14687100.0,11.976907730102539
2008-11-28,15.687950134277344,15.204785346984863,15.538825035095215,15.61637020111084,6302400.0,11.863618850708008
2008-12-01,15.073554992675781,13.844764709472656,14.98408031463623,13.844764709472656,14467700.0,10.517746925354004
2008-12-02,14.614250183105469,13.516690254211426,14.351790428161621,14.327930450439453,15753500.0,10.884804725646973
2008-12-03,14.029680252075195,13.224405288696289,14.017749786376953,13.922309875488281,19277600.0,10.576656341552734
2008-12-04,14.089329719543457,12.55632495880127,13.367565155029297,12.866504669189453,16109600.0,9.774572372436523
2008-12-05,13.427214622497559,11.959824562072754,12.610010147094727,13.307914733886719,17054900.0,10.109907150268555
2008-12-08,14.494950294494629,13.737395286560059,14.2802095413208,14.208629608154297,12874900.0,10.794172286987305
2008-12-09,14.996009826660156,13.868624687194824,13.874589920043945,14.393545150756836,11708100.0,10.934649467468262
2008-12-10,15.276365280151367,14.638110160827637,14.906535148620605,15.174960136413574,16084600.0,11.528282165527344
2008-12-11,15.491105079650879,14.751444816589355,15.473210334777832,14.912500381469727,21674900.0,11.328897476196289
2008-12-12,15.192854881286621,13.719499588012695,14.315999984741211,14.86478042602539,14532200.0,11.292647361755371
2008-12-15,15.365839958190918,14.506879806518555,15.365839958190918,14.73951530456543,14670400.0,11.197482109069824
2008-12-16,15.807250022888184,14.661970138549805,14.918464660644531,15.777424812316895,19104700.0,11.98597240447998
2008-12-17,16.49322509765625,15.359874725341797,15.598475456237793,16.04585075378418,14633600.0,12.18989372253418
2008-12-18,16.06970977783203,15.013904571533203,16.04585075378418,15.258469581604004,13235000.0,11.591728210449219
2008-12-19,15.717775344848633,15.210749626159668,15.276365280151367,15.479174613952637,14032800.0,11.759394645690918
2008-12-22,15.723739624023438,14.54863452911377,15.473210334777832,14.846884727478027,8629100.0,11.27904987335205
2008-12-23,15.216714859008789,14.656004905700684,14.954255104064941,14.775304794311523,8665800.0,11.224668502807617
2008-12-24,14.97811508178711,14.250385284423828,14.638110160827637,14.5903902053833,4751700.0,11.084190368652344
2008-12-26,14.775304794311523,14.459159851074219,14.691795349121094,14.775304794311523,3874000.0,11.224668502807617
2008-12-29,15.4970703125,14.98408031463623,14.98408031463623,15.46127986907959,10117800.0,11.745800018310547
2008-12-30,15.938480377197266,15.192854881286621,15.413559913635254,15.896724700927734,8051400.0,12.076603889465332
2008-12-31,16.457435607910156,15.574614524841309,15.866900444030762,16.320240020751953,10242200.0,12.398343086242676
2009-01-02,17.423765182495117,16.29637908935547,16.403749465942383,17.286569595336914,9888600.0,13.132454872131348
2009-01-05,17.92482566833496,17.0002498626709,17.006214141845703,17.501310348510742,15578000.0,13.2955961227417
2009-01-06,18.390094757080078,17.590784072875977,17.990440368652344,17.817455291748047,14108400.0,13.535767555236816
2009-01-07,17.566925048828125,16.529014587402344,17.566925048828125,17.12551498413086,12749200.0,13.010106086730957
2009-01-08,17.76973533630371,16.791475296020508,16.791475296020508,17.722015380859375,12569400.0,13.463260650634766
2009-01-09,17.69815444946289,17.024110794067383,17.3104305267334,17.214990615844727,14450900.0,13.078078269958496
2009-01-12,17.077795028686523,16.350065231323242,16.821300506591797,16.558839797973633,13850700.0,12.579607009887695
2009-01-13,17.358150482177734,16.505155563354492,16.505155563354492,17.083759307861328,12895200.0,12.978384017944336
2009-01-14,16.839195251464844,16.135324478149414,16.80340576171875,16.36795997619629,12999300.0,12.434595108032227
2009-01-15,16.6483154296875,15.544790267944336,16.326204299926758,16.499189376831055,13501400.0,12.534290313720703
2009-01-16,17.19709587097168,16.391820907592773,16.85708999633789,16.976390838623047,12649200.0,12.896820068359375
2009-01-20,17.143409729003906,15.664090156555176,16.630420684814453,15.801284790039062,15390200.0,12.004097938537598
2009-01-21,17.09568977355957,16.12936019897461,16.457435607910156,17.036039352416992,15639700.0,12.942134857177734
2009-01-22,17.238849639892578,16.194974899291992,16.707965850830078,16.8272647857666,13811300.0,12.783526420593262
2009-01-23,17.620609283447266,16.135324478149414,16.272520065307617,17.316394805908203,10045400.0,13.155113220214844
2009-01-26,18.30658531188965,17.352184295654297,17.417800903320312,17.662364959716797,13502700.0,13.417947769165039
2009-01-27,17.704120635986328,16.779544830322266,17.584819793701172,17.06586456298828,13884100.0,12.964791297912598
2009-01-28,17.626575469970703,16.934635162353516,17.346220016479492,17.590784072875977,14385000.0,13.363565444946289
2009-01-29,17.43569564819336,16.851125717163086,17.238849639892578,16.892879486083984,11162100.0,12.83337116241455
2009-01-30,17.28060531616211,16.135324478149414,17.28060531616211,16.242694854736328,15568800.0,12.339432716369629
2009-02-02,16.42164421081543,15.831110000610352,16.039884567260742,16.033920288085938,12702200.0,12.180829048156738
2009-02-03,16.57673454284668,15.771459579467773,16.326204299926758,16.010059356689453,18269700.0,12.16270637512207
2009-02-04,16.469364166259766,15.962340354919434,16.218835830688477,16.010059356689453,18498900.0,12.16270637512207
2009-02-05,16.344100952148438,15.771459579467773,15.926549911499023,15.938480377197266,18680300.0,12.108327865600586
2009-02-06,16.499189376831055,15.664090156555176,15.85496997833252,16.194974899291992,11493300.0,12.303182601928711
2009-02-09,17.238849639892578,16.194974899291992,16.29637908935547,16.67814064025879,11769800.0,12.670239448547363
2009-02-10,17.018144607543945,15.526894569396973,16.779544830322266,15.711810111999512,17991700.0,11.936123847961426
2009-02-11,16.105499267578125,15.514965057373047,15.992164611816406,15.783390045166016,11182900.0,11.990506172180176
2009-02-12,16.105499267578125,15.479174613952637,15.747599601745605,15.986200332641602,16281400.0,12.144574165344238
2009-02-13,16.499189376831055,15.81917953491211,15.884795188903809,16.105499267578125,13099000.0,12.4216947555542
2009-02-17,15.7416353225708,14.763375282287598,15.479174613952637,14.775304794311523,14567900.0,11.395753860473633
2009-02-18,15.180925369262695,14.411439895629883,15.061624526977539,14.596355438232422,12672400.0,11.257734298706055
2009-02-19,15.270400047302246,14.661970138549805,14.781270027160645,14.769339561462402,13644500.0,11.391151428222656
2009-02-20,14.596355438232422,14.023715019226074,14.363719940185547,14.166874885559082,17750000.0,10.926492691040039
2009-02-23,14.5903902053833,13.40335464477539,14.560564994812012,13.445110321044922,13154700.0,10.369816780090332
2009-02-24,14.494950294494629,13.564410209655762,13.606164932250977,14.417405128479004,15716800.0,11.119717597961426
2009-02-25,14.667935371398926,13.886520385742188,14.375650405883789,14.208629608154297,15962700.0,10.958693504333496
2009-02-26,15.031800270080566,14.369685173034668,14.477054595947266,14.405474662780762,15906600.0,11.110514640808105
2009-02-27,14.423370361328125,13.731430053710938,13.98196029663086,13.880555152893066,17050600.0,10.705663681030273
2009-03-02,13.55844497680664,12.419130325317383,13.463005065917969,12.478779792785645,18416000.0,9.62451171875
2009-03-03,13.123000144958496,12.466850280761719,12.771064758300781,12.520535469055176,20551300.0,9.656719207763672
2009-03-04,13.397390365600586,12.842644691467285,13.134929656982422,13.099140167236328,17983900.0,10.102975845336914
2009-03-05,12.896329879760742,12.425094604492188,12.68159008026123,12.67562484741211,18110100.0,9.776331901550293
2009-03-06,13.272125244140625,12.037369728088379,12.848609924316406,12.478779792785645,21041000.0,9.62451171875
2009-03-09,13.093174934387207,12.264039993286133,12.448954582214355,12.657730102539062,16025400.0,9.762531280517578
2009-03-10,13.868624687194824,13.027560234069824,13.206509590148926,13.510725021362305,17786400.0,10.420422554016113
2009-03-11,13.779150009155273,13.152825355529785,13.683710098266602,13.474934577941895,13316300.0,10.392818450927734
2009-03-12,14.119154930114746,13.331774711608887,13.463005065917969,14.059505462646484,11990100.0,10.843679428100586
2009-03-13,14.43529987335205,13.653884887695312,14.19073486328125,14.095294952392578,14547600.0,10.871283531188965
2009-03-16,15.10338020324707,14.095294952392578,14.232489585876465,14.578459739685059,13802300.0,11.24393367767334
2009-03-17,14.912500381469727,14.262314796447754,14.459159851074219,14.882675170898438,13027900.0,11.47856616973877
2009-03-18,15.007940292358398,14.059505462646484,14.763375282287598,14.86478042602539,14897400.0,11.464765548706055
2009-03-19,15.538825035095215,15.151100158691406,15.324085235595703,15.210749626159668,14824800.0,11.731598854064941
2009-03-20,15.514965057373047,14.42933464050293,15.514965057373047,14.483019828796387,17526400.0,11.170323371887207
2009-03-23,15.956375122070312,14.936360359191895,14.97811508178711,15.926549911499023,17625400.0,12.283673286437988
2009-03-24,15.992164611816406,15.34197998046875,15.604439735412598,15.992164611816406,12851900.0,12.334280967712402
2009-03-25,16.25462532043457,15.568650245666504,15.89076042175293,16.039884567260742,17913800.0,12.371086120605469
2009-03-26,16.642349243164062,16.25462532043457,16.290414810180664,16.469364166259766,14923800.0,12.70233154296875
2009-03-27,16.540945053100586,15.962340354919434,16.147254943847656,16.290414810180664,12734700.0,12.564313888549805
2009-03-30,15.73567008972168,14.834955215454102,15.574614524841309,15.1868896484375,15031800.0,11.713199615478516
2009-03-31,16.00409507751465,15.419525146484375,15.55075454711914,15.681984901428223,20534100.0,12.095050811767578
2009-04-01,16.272520065307617,15.031800270080566,15.312154769897461,16.15321922302246,15937300.0,12.45849895477295
2009-04-02,17.441659927368164,16.791475296020508,16.84515953063965,17.15534019470215,18641900.0,13.231405258178711
2009-04-03,17.584819793701172,16.91674041748047,17.149375915527344,17.340255737304688,14665000.0,13.374022483825684
2009-04-06,17.149375915527344,16.713930130004883,17.113584518432617,16.976390838623047,19966600.0,13.093388557434082
2009-04-07,16.81533432006836,16.45146942138672,16.588665008544922,16.54690933227539,13703400.0,12.762142181396484
2009-04-08,16.94059944152832,16.194974899291992,16.40971565246582,16.92867088317871,19440900.0,13.056581497192383
2009-04-09,17.6683292388916,17.226919174194336,17.477449417114258,17.45955467224121,12865000.0,13.466036796569824
2009-04-13,17.387975692749023,16.833229064941406,17.113584518432617,17.20902442932129,10914800.0,13.272807121276855
2009-04-14,17.501310348510742,16.88691520690918,17.07183074951172,16.94059944152832,14698400.0,13.06578254699707
2009-04-15,17.161304473876953,16.6483154296875,16.85708999633789,16.97042465209961,13070000.0,13.088785171508789
2009-04-16,17.710084915161133,16.833229064941406,17.149375915527344,17.596750259399414,15997100.0,13.571852684020996
2009-04-17,18.073949813842773,17.501310348510742,17.799560546875,17.906930923461914,16016900.0,13.81108570098877
2009-04-20,17.656400680541992,16.791475296020508,17.590784072875977,17.030075073242188,16037700.0,13.134793281555176
2009-04-21,17.51920509338379,16.67217445373535,16.880950927734375,17.477449417114258,14972300.0,13.479836463928223
2009-04-22,17.584819793701172,17.149375915527344,17.3104305267334,17.226919174194336,15765800.0,13.286614418029785
2009-04-23,17.656400680541992,17.19709587097168,17.453590393066406,17.626575469970703,10768600.0,13.594854354858398
2009-04-24,18.646589279174805,17.787630081176758,17.895000457763672,18.539220809936523,18879200.0,14.298748970031738
2009-04-27,18.145530700683594,17.590784072875977,18.145530700683594,17.67429542541504,14281100.0,13.631659507751465
2009-04-28,17.745874404907227,17.214990615844727,17.4893798828125,17.483415603637695,11725300.0,13.484440803527832
2009-04-29,18.407989501953125,17.578855514526367,17.656400680541992,18.199214935302734,14641900.0,14.036517143249512
2009-04-30,18.491500854492188,17.316394805908203,18.467639923095703,17.716049194335938,19077100.0,13.663865089416504
2009-05-01,18.509395599365234,17.620609283447266,17.716049194335938,18.396060943603516,14188600.0,14.188337326049805
2009-05-04,18.71220588684082,17.900964736938477,18.282724380493164,18.688344955444336,14778500.0,14.413764953613281
2009-05-05,18.789749145507812,18.27676010131836,18.777820587158203,18.509395599365234,9178700.0,14.275749206542969
2009-05-06,19.732219696044922,18.75395965576172,18.831504821777344,19.535375595092773,15117600.0,15.067052841186523
2009-05-07,20.054330825805664,18.604835510253906,19.982749938964844,18.885189056396484,16812200.0,14.565587043762207
2009-05-08,19.529409408569336,18.831504821777344,18.885189056396484,19.422040939331055,14223900.0,14.979642868041992
2009-05-11,19.08799934387207,18.384130477905273,19.08799934387207,18.473604202270508,13212900.0,14.24814510345459
2009-05-12,19.1297550201416,18.115705490112305,19.1297550201416,18.437814712524414,11894700.0,14.220537185668945
2009-05-13,18.109739303588867,17.173234939575195,18.109739303588867,17.322359085083008,15676400.0,13.36021900177002
2009-05-14,17.590784072875977,16.78550910949707,17.131479263305664,17.352184295654297,13050100.0,13.383225440979004
2009-05-15,17.501310348510742,16.92867088317871,17.3104305267334,17.077795028686523,11779300.0,13.17159652709961
2009-05-18,17.942720413208008,17.322359085083008,17.382009506225586,17.76973533630371,11785200.0,13.900617599487305
2009-05-19,18.109739303588867,17.662364959716797,18.00833511352539,17.716049194335938,11740300.0,13.858624458312988
2009-05-20,18.479570388793945,17.92482566833496,17.9785099029541,18.12166976928711,15321700.0,14.175920486450195
2009-05-21,17.889034271240234,17.322359085083008,17.82938575744629,17.54306411743164,9943300.0,13.72330093383789
2009-05-22,17.895000457763672,17.53113555908203,17.68622589111328,17.554994583129883,8159900.0,13.732635498046875
2009-05-26,17.92482566833496,17.25078010559082,17.358150482177734,17.877105712890625,13312600.0,13.984613418579102
2009-05-27,18.014299392700195,17.387975692749023,17.900964736938477,17.441659927368164,13904400.0,13.643980026245117
2009-05-28,18.664485931396484,17.6683292388916,17.72797966003418,18.497465133666992,13953800.0,14.469895362854004
2009-05-29,19.052209854125977,18.580974578857422,18.813610076904297,19.016420364379883,13260500.0,14.875853538513184
2009-06-01,20.012575149536133,19.320634841918945,19.35642433166504,19.87537956237793,12698200.0,15.547792434692383
2009-06-02,20.03046989440918,19.535375595092773,19.779939651489258,19.929065704345703,12333400.0,15.58978271484375
2009-06-03,19.52344512939453,18.199214935302734,19.52344512939453,18.48553466796875,17888300.0,14.46055793762207
2009-06-04,19.05817413330078,18.551149368286133,18.59886932373047,18.83746910095215,13600000.0,14.73587417602539
2009-06-05,19.1297550201416,18.30061912536621,19.05817413330078,18.90904998779297,16235300.0,14.791864395141602
2009-06-08,19.571165084838867,18.59886932373047,18.706239700317383,19.35642433166504,13995900.0,15.141820907592773
2009-06-09,19.60695457458496,19.171510696411133,19.517480850219727,19.52344512939453,10020100.0,15.272482872009277
2009-06-10,19.803800582885742,19.171510696411133,19.768009185791016,19.499584197998047,9691100.0,15.25381851196289
2009-06-11,19.899240493774414,19.320634841918945,19.499584197998047,19.589059829711914,12072500.0,15.323809623718262
2009-06-12,19.39818000793457,19.046245574951172,19.195369720458984,19.338529586791992,9470000.0,15.127830505371094
2009-06-15,19.093965530395508,18.51535987854004,19.016420364379883,18.83746910095215,9023400.0,14.73587417602539
2009-06-16,19.14764976501465,18.634660720825195,18.998525619506836,18.730100631713867,10153500.0,14.651883125305176
2009-06-17,18.640625,18.109739303588867,18.563079833984375,18.43185043334961,10186400.0,14.418566703796387
2009-06-18,18.551149368286133,18.19325065612793,18.413955688476562,18.407989501953125,8924300.0,14.39989948272705
2009-06-19,18.730100631713867,18.085880279541016,18.69430923461914,18.27676010131836,13484100.0,14.297248840332031
2009-06-22,18.002370834350586,17.05393409729004,17.972545623779297,17.161304473876953,15105400.0,13.424664497375488
2009-06-23,17.46552085876465,16.934635162353516,17.340255737304688,17.22095489501953,12719500.0,13.471328735351562
2009-06-24,17.662364959716797,17.262710571289062,17.352184295654297,17.399904251098633,10166400.0,13.611313819885254
2009-06-25,17.68622589111328,17.22095489501953,17.44762420654297,17.566925048828125,12295800.0,13.741969108581543
2009-06-26,17.68622589111328,17.370080947875977,17.507274627685547,17.608680725097656,10499900.0,13.774638175964355
2009-06-29,17.984474182128906,17.578855514526367,17.75780487060547,17.781665802001953,12876700.0,13.909954071044922
2009-06-30,18.19325065612793,17.680259704589844,17.942720413208008,17.972545623779297,12878600.0,14.0592679977417
2009-07-01,18.43185043334961,18.032194137573242,18.20517921447754,18.073949813842773,8477200.0,14.138599395751953
2009-07-02,17.76973533630371,17.185165405273438,17.69815444946289,17.298500061035156,11683400.0,13.531990051269531
2009-07-06,17.17919921875,16.40971565246582,16.80340576171875,17.15534019470215,16522300.0,13.420001029968262
2009-07-07,17.29253578186035,16.791475296020508,17.089725494384766,16.839195251464844,11338600.0,13.17269229888916
2009-07-08,17.15534019470215,16.391820907592773,16.904809951782227,16.719894409179688,12875600.0,13.079366683959961
2009-07-09,17.286569595336914,16.78550910949707,16.91674041748047,17.101654052734375,8678400.0,13.37800407409668
2009-07-10,17.018144607543945,16.540945053100586,16.77358055114746,16.898845672607422,10266700.0,13.219356536865234
2009-07-13,17.328325271606445,16.61849021911621,16.833229064941406,17.286569595336914,11409700.0,13.522656440734863
2009-07-14,17.662364959716797,17.268674850463867,17.477449417114258,17.549030303955078,10139900.0,13.7279691696167
2009-07-15,18.103775024414062,17.805524826049805,17.88306999206543,18.050090789794922,13696000.0,14.119932174682617
2009-07-16,18.056055068969727,17.566925048828125,17.82341957092285,17.9785099029541,11778300.0,14.06393814086914
2009-07-17,18.211145401000977,17.76973533630371,17.960615158081055,18.050090789794922,11327400.0,14.119932174682617
2009-07-20,18.48553466796875,18.03816032409668,18.30061912536621,18.378164291381836,9121700.0,14.376571655273438
2009-07-21,18.742029190063477,18.22307586669922,18.61079978942871,18.521324157714844,8934700.0,14.48855972290039
2009-07-22,18.640625,18.187284469604492,18.199214935302734,18.3304443359375,11637500.0,14.339240074157715
2009-07-23,18.998525619506836,18.24693489074707,18.30061912536621,18.96273422241211,9180300.0,14.833861351013184
2009-07-24,19.201335906982422,18.789749145507812,18.891155242919922,19.177474975585938,7288600.0,15.001845359802246
2009-07-27,19.433969497680664,19.028350830078125,19.18940544128418,19.392215728759766,9092000.0,15.169821739196777
2009-07-28,19.36835479736328,18.9508056640625,19.141685485839844,19.278879165649414,9609500.0,15.081168174743652
2009-07-29,18.90904998779297,18.366235733032227,18.84939956665039,18.622730255126953,10387000.0,14.567886352539062
2009-07-30,19.296775817871094,18.855365753173828,18.90904998779297,19.052209854125977,8618200.0,14.903850555419922
2009-07-31,19.27291488647461,18.807645797729492,18.9508056640625,19.237125396728516,10271900.0,15.048508644104004
2009-08-03,19.785905838012695,19.350460052490234,19.392215728759766,19.46976089477539,15113600.0,15.230484008789062
2009-08-04,19.505550384521484,19.11782455444336,19.31467056274414,19.36835479736328,10172800.0,15.151162147521973
2009-08-05,19.51151466369629,18.700275421142578,19.320634841918945,18.801679611206055,15525900.0,14.707873344421387
2009-08-06,18.9508056640625,18.407989501953125,18.903085708618164,18.497465133666992,10099200.0,14.469895362854004
2009-08-07,18.742029190063477,18.211145401000977,18.71220588684082,18.282724380493164,12440200.0,14.301915168762207
2009-08-10,18.324480056762695,18.097810745239258,18.097810745239258,18.27676010131836,8018700.0,14.297248840332031
2009-08-11,18.169389724731445,17.781665802001953,18.169389724731445,17.85324478149414,8599100.0,13.965944290161133
2009-08-12,18.419919967651367,17.680259704589844,17.680259704589844,18.240970611572266,10028800.0,14.269253730773926
2009-08-13,18.82554054260254,18.21710968017578,18.354305267333984,18.807645797729492,10765800.0,14.712538719177246
2009-08-14,18.891155242919922,18.324480056762695,18.855365753173828,18.503429412841797,7121500.0,14.47456169128418
2009-08-17,18.03816032409668,17.626575469970703,18.026229858398438,17.692190170288086,8101900.0,14.021833419799805
2009-08-18,18.06798553466797,17.67429542541504,17.704120635986328,17.948684692382812,8276200.0,14.225113868713379
2009-08-19,18.491500854492188,17.596750259399414,17.739910125732422,18.282724380493164,9248900.0,14.489852905273438
2009-08-20,18.580974578857422,18.19325065612793,18.282724380493164,18.425884246826172,7020900.0,14.603314399719238
2009-08-21,19.028350830078125,18.640625,18.652555465698242,18.9925594329834,8417000.0,15.052430152893066
2009-08-24,19.266950607299805,18.926944732666016,19.099929809570312,19.03431510925293,6865700.0,15.08552360534668
2009-08-25,19.195369720458984,18.67045021057129,19.06414031982422,18.777820587158203,7111300.0,14.882241249084473
2009-08-26,19.052209854125977,18.491500854492188,18.58694076538086,18.96273422241211,7718100.0,15.028794288635254
2009-08-27,18.932910919189453,18.36026954650879,18.789749145507812,18.855365753173828,5866500.0,14.943699836730957
2009-08-28,19.010454177856445,18.55711555480957,18.98063087463379,18.79571533203125,6011700.0,14.896424293518066
2009-08-31,18.59886932373047,18.175355911254883,18.539220809936523,18.413955688476562,6873500.0,14.59386157989502
2009-09-01,18.68238067626953,18.014299392700195,18.30658531188965,18.09184455871582,9075200.0,14.338569641113281
2009-09-02,18.21710968017578,17.930789947509766,18.056055068969727,18.06798553466797,6852800.0,14.319662094116211
2009-09-03,18.336410522460938,17.9785099029541,18.097810745239258,18.13360023498535,6782900.0,14.371664047241211
2009-09-04,18.437814712524414,17.9785099029541,18.079914093017578,18.336410522460938,8522500.0,14.532402038574219
2009-09-08,18.96273422241211,18.616764068603516,18.688344955444336,18.79571533203125,10634500.0,14.896424293518066
2009-09-09,19.05817413330078,18.69430923461914,18.861330032348633,18.903085708618164,6611900.0,14.981518745422363
2009-09-10,19.308704376220703,18.8195743560791,18.932910919189453,19.260984420776367,9889000.0,15.26516342163086
2009-09-11,19.529409408569336,19.03431510925293,19.505550384521484,19.237125396728516,8006500.0,15.246256828308105
2009-09-14,19.535375595092773,18.87922477722168,18.97466468811035,19.499584197998047,9427600.0,15.454269409179688
2009-09-15,19.690465927124023,19.39818000793457,19.55327033996582,19.648710250854492,10725200.0,15.572460174560547
2009-09-16,20.36450958251953,19.696430206298828,19.744150161743164,20.191524505615234,12082300.0,16.002660751342773
2009-09-17,20.638900756835938,20.012575149536133,20.07222557067871,20.20941925048828,11155500.0,16.016845703125
2009-09-18,20.459949493408203,19.923099517822266,20.304859161376953,20.00064468383789,8609300.0,15.851381301879883
2009-09-21,20.06029510498047,19.517480850219727,19.672569274902344,19.773975372314453,8145800.0,15.671740531921387
2009-09-22,20.12590980529785,19.797834396362305,20.042400360107422,19.97678565979004,6195300.0,15.832469940185547
2009-09-23,20.03046989440918,19.46976089477539,19.827659606933594,19.493619918823242,8047400.0,15.449535369873047
2009-09-24,19.63677978515625,19.046245574951172,19.481689453125,19.105894088745117,11952000.0,15.142251968383789
2009-09-25,19.350460052490234,18.730100631713867,19.03431510925293,18.873260498046875,11962600.0,14.957879066467285
2009-09-28,19.392215728759766,18.90904998779297,18.90904998779297,19.338529586791992,6902000.0,15.326628684997559
2009-09-29,19.404144287109375,19.03431510925293,19.308704376220703,19.14764976501465,7165900.0,15.175348281860352
2009-09-30,19.338529586791992,18.789749145507812,19.338529586791992,19.028350830078125,12387200.0,15.080794334411621
2009-10-01,19.07607078552246,18.437814712524414,19.010454177856445,18.479570388793945,10370300.0,14.645862579345703
2009-10-02,18.491500854492188,18.127634048461914,18.127634048461914,18.181320190429688,11525300.0,14.409488677978516
2009-10-05,18.652555465698242,18.19325065612793,18.199214935302734,18.449745178222656,11981500.0,14.622223854064941
2009-10-06,19.32659912109375,18.79571533203125,18.932910919189453,19.040279388427734,12382300.0,15.090246200561523
2009-10-07,19.225194931030273,18.759925842285156,18.998525619506836,19.070104598999023,7707600.0,15.113887786865234
2009-10-08,19.624849319458008,19.14764976501465,19.183439254760742,19.422040939331055,14122200.0,15.392809867858887
2009-10-09,19.475725173950195,19.11782455444336,19.320634841918945,19.278879165649414,9475100.0,15.279345512390137
2009-10-12,19.744150161743164,19.463794708251953,19.547304153442383,19.51151466369629,6321300.0,15.463722229003906
2009-10-13,19.785905838012695,19.28484535217285,19.6129207611084,19.744150161743164,9766400.0,15.648101806640625
2009-10-14,20.2810001373291,20.03046989440918,20.22731590270996,20.21538543701172,10424900.0,16.02156639099121
2009-10-15,20.91329002380371,20.00064468383789,20.131874084472656,20.907325744628906,16262100.0,16.569971084594727
2009-10-16,20.877500534057617,20.430124282836914,20.793989181518555,20.805919647216797,11541800.0,16.48959732055664
2009-10-19,21.1220645904541,20.597145080566406,20.823814392089844,21.038555145263672,7835500.0,16.673967361450195
2009-10-20,21.15188980102539,20.4539852142334,21.116100311279297,20.823814392089844,8034100.0,16.503780364990234
2009-10-21,21.301015853881836,20.67469024658203,20.692584991455078,20.716445922851562,12363900.0,16.418678283691406
2009-10-22,20.692584991455078,20.2810001373291,20.692584991455078,20.626970291137695,11238000.0,16.3477725982666
2009-10-23,20.853639602661133,20.173629760742188,20.805919647216797,20.286964416503906,9607000.0,16.07830238342285
2009-10-26,20.895395278930664,19.911169052124023,20.36450958251953,19.9708194732666,9352200.0,15.827744483947754
2009-10-27,20.35257911682129,19.893274307250977,20.119945526123047,20.054330825805664,8567900.0,15.89393138885498
2009-10-28,19.98871421813965,19.296775817871094,19.98871421813965,19.338529586791992,10624900.0,15.326628684997559
2009-10-29,20.006610870361328,19.55327033996582,19.589059829711914,19.923099517822266,8375000.0,15.789922714233398
2009-10-30,19.893274307250977,18.861330032348633,19.827659606933594,19.070104598999023,13857300.0,15.113887786865234
2009-11-02,19.39818000793457,18.8195743560791,19.201335906982422,19.070104598999023,12939300.0,15.113887786865234
2009-11-03,19.46976089477539,18.718170166015625,18.915014266967773,19.320634841918945,9103600.0,15.312442779541016
2009-11-04,19.83362579345703,19.45186424255371,19.547304153442383,19.535375595092773,10860000.0,15.482632637023926
2009-11-05,20.08415412902832,19.541339874267578,19.63677978515625,20.06029510498047,10391600.0,15.898659706115723
2009-11-06,20.203454971313477,19.696430206298828,19.839590072631836,20.090120315551758,10776300.0,15.922292709350586
2009-11-09,20.66275978088379,20.29889488220215,20.406265258789062,20.6329345703125,7882100.0,16.352497100830078
2009-11-10,20.865570068359375,20.49574089050293,20.585214614868164,20.84170913696289,8119000.0,16.517963409423828
2009-11-11,21.05644989013672,20.66275978088379,20.907325744628906,20.853639602661133,8042400.0,16.527416229248047
2009-11-12,20.961009979248047,20.382404327392578,20.710479736328125,20.50766944885254,9424900.0,16.25322151184082
2009-11-13,20.793989181518555,20.322755813598633,20.47784423828125,20.668724060058594,7497200.0,16.380863189697266
2009-11-16,21.05644989013672,20.710479736328125,20.799955368041992,20.978904724121094,9128200.0,16.822025299072266
2009-11-17,20.883464813232422,20.621004104614258,20.793989181518555,20.81785011291504,8085800.0,16.692886352539062
2009-11-18,20.937149047851562,20.525564193725586,20.865570068359375,20.698549270629883,8597800.0,16.597225189208984
2009-11-19,20.442054748535156,19.726255416870117,20.442054748535156,19.881345748901367,12508200.0,15.9419527053833
2009-11-20,19.869415283203125,19.362390518188477,19.827659606933594,19.696430206298828,16665500.0,15.793669700622559
2009-11-23,20.197490692138672,19.648710250854492,20.108015060424805,19.73818588256836,8490100.0,15.827155113220215
2009-11-24,19.87537956237793,19.463794708251953,19.732219696044922,19.684499740600586,8907600.0,15.784106254577637
2009-11-25,20.06029510498047,19.660640716552734,19.768009185791016,20.00064468383789,6935200.0,16.03760528564453
2009-11-27,19.600990295410156,19.165544509887695,19.249055862426758,19.463794708251953,5547000.0,15.607131958007812
2009-11-30,19.66660499572754,19.3027400970459,19.475725173950195,19.45783042907715,7930700.0,15.602341651916504
2009-12-01,19.857484817504883,19.565200805664062,19.565200805664062,19.600990295410156,9786400.0,15.717143058776855
2009-12-02,19.59502410888672,19.237125396728516,19.565200805664062,19.31467056274414,9082300.0,15.487555503845215
2009-12-03,19.481689453125,19.1297550201416,19.31467056274414,19.177474975585938,8435800.0,15.377543449401855
2009-12-04,19.654674530029297,18.82554054260254,19.481689453125,18.867294311523438,15510400.0,15.128829002380371
2009-12-07,19.21923065185547,18.736064910888672,18.873260498046875,18.9925594329834,10947800.0,15.229270935058594
2009-12-08,18.87922477722168,18.390094757080078,18.855365753173828,18.45570945739746,9688500.0,14.798794746398926
2009-12-09,18.688344955444336,18.252899169921875,18.688344955444336,18.521324157714844,11483400.0,14.851404190063477
2009-12-10,18.79571533203125,18.449745178222656,18.688344955444336,18.575010299682617,10200300.0,14.894451141357422
2009-12-11,18.8195743560791,18.509395599365234,18.676414489746094,18.67045021057129,10959900.0,14.97098445892334
2009-12-14,19.308704376220703,18.747995376586914,19.24308967590332,18.759925842285156,10076400.0,15.042730331420898
2009-12-15,18.90904998779297,18.58694076538086,18.84939956665039,18.640625,9506700.0,14.947060585021973
2009-12-16,18.87922477722168,18.59886932373047,18.72413444519043,18.771854400634766,12142400.0,15.052292823791504
2009-12-17,18.67045021057129,18.40202522277832,18.67045021057129,18.437814712524414,7597100.0,14.784445762634277
2009-12-18,18.700275421142578,18.240970611572266,18.676414489746094,18.437814712524414,12924200.0,14.784445762634277
2009-12-21,18.742029190063477,18.52729034423828,18.58694076538086,18.664485931396484,6506200.0,14.966201782226562
2009-12-22,18.897119522094727,18.664485931396484,18.843435287475586,18.813610076904297,6654400.0,15.085776329040527
2009-12-23,18.938875198364258,18.730100631713867,18.867294311523438,18.79571533203125,5035700.0,15.071430206298828
2009-12-24,18.932910919189453,18.789749145507812,18.84939956665039,18.87922477722168,1880100.0,15.138388633728027
2009-12-28,19.070104598999023,18.68238067626953,19.022384643554688,18.76589012145996,3992400.0,15.047513961791992
2009-12-29,18.87922477722168,18.61079978942871,18.8195743560791,18.676414489746094,4729200.0,14.975764274597168
2009-12-30,18.789749145507812,18.563079833984375,18.628694534301758,18.771854400634766,4748000.0,15.052292823791504
2009-12-31,18.897119522094727,18.616764068603516,18.76589012145996,18.622730255126953,4364700.0,14.932718276977539
2010-01-04,19.18940544128418,18.867294311523438,18.938875198364258,19.153615951538086,9214200.0,15.35841178894043
2010-01-05,19.290809631347656,19.105894088745117,19.231159210205078,19.171510696411133,9483300.0,15.372758865356445
2010-01-06,19.624849319458008,19.093965530395508,19.153615951538086,19.59502410888672,15233800.0,15.712360382080078
2010-01-07,19.535375595092773,19.21923065185547,19.535375595092773,19.475725173950195,7803000.0,15.61669635772705
2010-01-08,19.565200805664062,19.296775817871094,19.374319076538086,19.505550384521484,7585200.0,15.640613555908203
2010-01-11,19.714324951171875,19.350460052490234,19.66660499572754,19.505550384521484,10013000.0,15.640613555908203
2010-01-12,19.374319076538086,19.165544509887695,19.28484535217285,19.237125396728516,9018100.0,15.42538070678711
2010-01-13,19.255020141601562,18.867294311523438,19.225194931030273,19.171510696411133,9795900.0,15.372758865356445
2010-01-14,19.249055862426758,18.9508056640625,19.249055862426758,19.070104598999023,8469500.0,15.291446685791016
2010-01-15,19.03431510925293,18.497465133666992,19.03431510925293,18.873260498046875,14417000.0,15.1336088180542
2010-01-19,19.18940544128418,18.742029190063477,18.771854400634766,19.165544509887695,11069700.0,15.367974281311035
2010-01-20,19.255020141601562,18.855365753173828,19.022384643554688,19.201335906982422,12105900.0,15.396679878234863
2010-01-21,19.308704376220703,18.736064910888672,19.225194931030273,18.789749145507812,12399300.0,15.066641807556152
2010-01-22,18.789749145507812,18.21710968017578,18.616764068603516,18.240970611572266,11845700.0,14.626602172851562
2010-01-25,18.580974578857422,18.294654846191406,18.342374801635742,18.31851577758789,7210700.0,14.688782691955566
2010-01-26,18.413955688476562,17.99640464782715,18.199214935302734,18.13360023498535,9124500.0,14.540508270263672
2010-01-27,18.968700408935547,17.871139526367188,18.127634048461914,18.115705490112305,10633600.0,14.52616024017334
2010-01-28,18.282724380493164,17.847280502319336,18.157459259033203,17.99640464782715,12324200.0,14.430499076843262
2010-01-29,18.348339080810547,17.6683292388916,18.21710968017578,17.781665802001953,11986400.0,14.258305549621582
2010-02-01,18.2886905670166,17.895000457763672,17.99640464782715,18.282724380493164,9755500.0,14.660080909729004
2010-02-02,18.437814712524414,17.889034271240234,17.895000457763672,18.43185043334961,17208500.0,14.779658317565918
2010-02-03,18.407989501953125,17.9785099029541,18.390094757080078,18.115705490112305,10842000.0,14.52616024017334
2010-02-04,17.990440368652344,17.191129684448242,17.95465087890625,17.214990615844727,16487300.0,13.80391788482666
2010-02-05,17.191129684448242,16.487260818481445,17.119550704956055,16.976390838623047,20335900.0,13.612594604492188
2010-02-08,17.047969818115234,16.70199966430664,17.036039352416992,16.725860595703125,14588200.0,13.411706924438477
2010-02-09,17.268674850463867,16.839195251464844,16.964460372924805,17.07183074951172,11879700.0,13.689122200012207
2010-02-10,17.059900283813477,16.666210174560547,17.024110794067383,16.934635162353516,10912800.0,13.57911205291748
2010-02-11,17.28060531616211,16.797439575195312,16.880950927734375,17.19709587097168,9453800.0,13.789566993713379
2010-02-12,17.20902442932129,16.78550910949707,16.904809951782227,17.06586456298828,15203000.0,13.878019332885742
2010-02-16,17.763769149780273,17.44762420654297,17.566925048828125,17.710084915161133,12352000.0,14.401897430419922
2010-02-17,17.847280502319336,17.596750259399414,17.775699615478516,17.67429542541504,10593100.0,14.372797966003418
2010-02-18,17.877105712890625,17.60271453857422,17.662364959716797,17.865175247192383,7325200.0,14.528024673461914
2010-02-19,17.9785099029541,17.69815444946289,17.82938575744629,17.877105712890625,8888800.0,14.537723541259766
2010-02-22,18.014299392700195,17.53113555908203,17.984474182128906,17.60271453857422,10973600.0,14.314586639404297
2010-02-23,17.549030303955078,17.161304473876953,17.549030303955078,17.22095489501953,11364700.0,14.004137992858887
2010-02-24,17.441659927368164,17.113584518432617,17.29253578186035,17.399904251098633,8167600.0,14.14966106414795
2010-02-25,17.298500061035156,16.946565628051758,17.149375915527344,17.262710571289062,8107400.0,14.038091659545898
2010-02-26,17.399904251098633,17.101654052734375,17.33428955078125,17.268674850463867,9610200.0,14.04294204711914
2010-03-01,17.4893798828125,17.29253578186035,17.387975692749023,17.393939971923828,7777300.0,14.144807815551758
2010-03-02,17.626575469970703,17.423765182495117,17.495344161987305,17.513240814208984,9523000.0,14.241827011108398
2010-03-03,17.81148910522461,17.51920509338379,17.590784072875977,17.578855514526367,11756000.0,14.295185089111328
2010-03-04,17.692190170288086,17.46552085876465,17.608680725097656,17.64447021484375,10755400.0,14.348540306091309
2010-03-05,18.294654846191406,17.799560546875,17.877105712890625,18.258865356445312,13035300.0,14.848170280456543
2010-03-08,18.44378089904785,18.282724380493164,18.312549591064453,18.37220001220703,10321700.0,14.94033432006836
2010-03-09,18.545185089111328,18.20517921447754,18.20517921447754,18.419919967651367,9741800.0,14.979138374328613
2010-03-10,18.789749145507812,18.43185043334961,18.473604202270508,18.783784866333008,14411200.0,15.275035858154297
2010-03-11,19.028350830078125,18.72413444519043,18.75395965576172,18.891155242919922,12716100.0,15.362353324890137
2010-03-12,19.016420364379883,18.71220588684082,18.968700408935547,18.777820587158203,8925700.0,15.270188331604004
2010-03-15,18.72413444519043,18.419919967651367,18.72413444519043,18.628694534301758,8566400.0,15.148918151855469
2010-03-16,18.932910919189453,18.58694076538086,18.730100631713867,18.915014266967773,9930200.0,15.381750106811523
2010-03-17,19.308704376220703,18.96273422241211,19.052209854125977,19.28484535217285,11200500.0,15.682497024536133
2010-03-18,19.350460052490234,18.9925594329834,19.266950607299805,19.14764976501465,7991700.0,15.570934295654297
2010-03-19,19.266950607299805,18.747995376586914,19.07607078552246,19.07607078552246,14576000.0,15.512726783752441
2010-03-22,18.97466468811035,18.628694534301758,18.71220588684082,18.885189056396484,10004000.0,15.357501983642578
2010-03-23,18.968700408935547,18.783784866333008,18.90904998779297,18.932910919189453,8036700.0,15.396306991577148
2010-03-24,18.932910919189453,18.59886932373047,18.68238067626953,18.718170166015625,11269500.0,15.221681594848633
2010-03-25,18.9508056640625,18.533254623413086,18.867294311523438,18.551149368286133,11358000.0,15.08585262298584
2010-03-26,18.718170166015625,18.3304443359375,18.664485931396484,18.396060943603516,9847400.0,14.959739685058594
2010-03-29,18.8195743560791,18.51535987854004,18.51535987854004,18.76589012145996,8640400.0,15.26048755645752
2010-03-30,18.82554054260254,18.658519744873047,18.813610076904297,18.730100631713867,7406000.0,15.231385231018066
2010-03-31,19.093965530395508,18.718170166015625,18.730100631713867,18.873260498046875,11941400.0,15.347800254821777
2010-04-01,19.27291488647461,18.97466468811035,19.046245574951172,19.141685485839844,10133700.0,15.566083908081055
2010-04-05,19.422040939331055,19.14764976501465,19.266950607299805,19.338529586791992,8234100.0,15.726154327392578
2010-04-06,19.59502410888672,19.183439254760742,19.260984420776367,19.433969497680664,8234700.0,15.803771018981934
2010-04-07,19.386249542236328,18.92098045349121,19.386249542236328,19.05817413330078,12830300.0,15.49817180633545
2010-04-08,19.08799934387207,18.640625,18.747995376586914,19.010454177856445,14872000.0,15.459366798400879
2010-04-09,19.21326446533203,18.915014266967773,19.171510696411133,19.201335906982422,11756400.0,15.614587783813477
2010-04-12,19.320634841918945,19.111860275268555,19.153615951538086,19.207300186157227,9995800.0,15.6194429397583
2010-04-13,19.34449577331543,19.040279388427734,19.225194931030273,19.21326446533203,10963400.0,15.624287605285645
2010-04-14,19.589059829711914,19.266950607299805,19.31467056274414,19.577129364013672,10775500.0,15.920184135437012
2010-04-15,19.702394485473633,19.445899963378906,19.517480850219727,19.505550384521484,12140600.0,15.861978530883789
2010-04-16,19.42800521850586,18.944839477539062,19.36835479736328,19.099929809570312,12714500.0,15.532130241394043
2010-04-19,19.165544509887695,18.76589012145996,18.873260498046875,19.11782455444336,8549700.0,15.546680450439453
2010-04-20,19.52344512939453,19.18940544128418,19.24308967590332,19.445899963378906,8206700.0,15.813467979431152
2010-04-21,19.624849319458008,19.249055862426758,19.547304153442383,19.410110473632812,8882100.0,15.7843656539917
2010-04-22,19.39818000793457,19.046245574951172,19.18940544128418,19.374319076538086,7662300.0,15.755263328552246
2010-04-23,19.732219696044922,19.255020141601562,19.3027400970459,19.732219696044922,9614400.0,16.046306610107422
2010-04-26,19.803800582885742,19.58309555053711,19.714324951171875,19.70836067199707,9077900.0,16.026901245117188
2010-04-27,19.67853546142578,19.040279388427734,19.571165084838867,19.07607078552246,11096700.0,15.512726783752441
2010-04-28,19.27291488647461,18.891155242919922,19.207300186157227,19.21326446533203,11305100.0,15.624287605285645
2010-04-29,19.51151466369629,19.231159210205078,19.32659912109375,19.32659912109375,8421900.0,15.716451644897461
2010-04-30,19.487655639648438,19.123790740966797,19.392215728759766,19.177474975585938,11216200.0,15.59518814086914
2010-05-03,19.463794708251953,19.153615951538086,19.225194931030273,19.249055862426758,11300900.0,15.653400421142578
2010-05-04,19.6129207611084,18.87922477722168,19.493619918823242,19.177474975585938,19181300.0,15.59518814086914
2010-05-05,19.153615951538086,18.71220588684082,18.891155242919922,18.9508056640625,11113400.0,15.410858154296875
2010-05-06,18.944839477539062,17.28060531616211,18.861330032348633,18.2886905670166,19679900.0,14.872425079345703
2010-05-07,18.658519744873047,17.906930923461914,18.199214935302734,18.157459259033203,19759400.0,14.765704154968262
2010-05-10,18.956769943237305,18.52729034423828,18.807645797729492,18.83746910095215,16742600.0,15.318693161010742
2010-05-11,18.807645797729492,18.473604202270508,18.539220809936523,18.533254623413086,12152000.0,15.071308135986328
2010-05-12,18.968700408935547,18.44378089904785,18.56904411315918,18.915014266967773,10147100.0,15.381750106811523
2010-05-13,19.14764976501465,18.69430923461914,18.831504821777344,18.897119522094727,11835700.0,15.367202758789062
2010-05-14,18.855365753173828,18.503429412841797,18.801679611206055,18.664485931396484,15407800.0,15.178025245666504
2010-05-17,18.885189056396484,18.270795822143555,18.658519744873047,18.855365753173828,19431600.0,15.541414260864258
2010-05-18,19.571165084838867,19.11782455444336,19.231159210205078,19.237125396728516,23993200.0,15.856080055236816
2010-05-19,19.55327033996582,19.052209854125977,19.1297550201416,19.404144287109375,23217400.0,15.993744850158691
2010-05-20,19.18940544128418,18.69430923461914,18.92098045349121,18.736064910888672,24905600.0,15.443084716796875
2010-05-21,18.759925842285156,18.014299392700195,18.06798553466797,18.742029190063477,28063200.0,15.447998046875
2010-05-24,19.141685485839844,18.52729034423828,18.688344955444336,18.84939956665039,16922700.0,15.536497116088867
2010-05-25,18.348339080810547,17.8413143157959,18.252899169921875,18.264829635620117,24928400.0,15.054670333862305
2010-05-26,18.628694534301758,18.032194137573242,18.55711555480957,18.115705490112305,18210500.0,14.931753158569336
2010-05-27,18.897119522094727,18.4616756439209,18.48553466796875,18.873260498046875,16442500.0,15.556164741516113
2010-05-28,18.932910919189453,18.419919967651367,18.867294311523438,18.545185089111328,14387200.0,15.285749435424805
2010-06-01,18.75395965576172,17.990440368652344,18.31851577758789,18.00833511352539,16636500.0,14.84325122833252
2010-06-02,18.700275421142578,18.13360023498535,18.187284469604492,18.688344955444336,12000100.0,15.403752326965332
2010-06-03,18.944839477539062,18.497465133666992,18.82554054260254,18.932910919189453,7848100.0,15.605330467224121
2010-06-04,18.861330032348633,18.211145401000977,18.479570388793945,18.312549591064453,14243400.0,15.094002723693848
2010-06-07,18.831504821777344,18.354305267333984,18.43185043334961,18.51535987854004,16686000.0,15.261174201965332
2010-06-08,18.843435287475586,18.342374801635742,18.604835510253906,18.79571533203125,14086000.0,15.4922513961792
2010-06-09,19.00448989868164,18.354305267333984,18.932910919189453,18.44378089904785,15948800.0,15.202169418334961
2010-06-10,19.225194931030273,18.789749145507812,18.855365753173828,19.201335906982422,12919600.0,15.82657527923584
2010-06-11,19.31467056274414,18.944839477539062,19.03431510925293,19.308704376220703,8533600.0,15.915072441101074
2010-06-14,19.67853546142578,19.374319076538086,19.499584197998047,19.422040939331055,10957500.0,16.00849151611328
2010-06-15,19.982749938964844,19.600990295410156,19.672569274902344,19.923099517822266,14134400.0,16.42148780822754
2010-06-16,19.952924728393555,19.66660499572754,19.768009185791016,19.81572914123535,10297400.0,16.33299446105957
2010-06-17,19.9708194732666,19.63677978515625,19.648710250854492,19.91713523864746,10437200.0,16.41657066345215
2010-06-18,20.173629760742188,19.899240493774414,19.923099517822266,20.15573501586914,9788600.0,16.613239288330078
2010-06-21,20.51959991455078,20.257139205932617,20.346614837646484,20.346614837646484,17711400.0,16.77056884765625
2010-06-22,20.388370513916016,19.714324951171875,20.18556022644043,19.75011444091797,11424300.0,16.278907775878906
2010-06-23,19.94696044921875,19.624849319458008,19.72028923034668,19.83362579345703,8523200.0,16.347736358642578
2010-06-24,19.940994262695312,19.517480850219727,19.70836067199707,19.59502410888672,14114600.0,16.15107536315918
2010-06-25,19.839590072631836,19.3027400970459,19.73818588256836,19.535375595092773,17271500.0,16.10190773010254
2010-06-28,19.684499740600586,19.260984420776367,19.600990295410156,19.260984420776367,10126900.0,15.875743865966797
2010-06-29,19.05817413330078,18.616764068603516,19.028350830078125,18.71220588684082,11666700.0,15.423415184020996
2010-06-30,19.00448989868164,18.51535987854004,18.807645797729492,18.545185089111328,10220200.0,15.285749435424805
2010-07-01,18.700275421142578,18.19325065612793,18.616764068603516,18.40202522277832,15682300.0,15.167749404907227
2010-07-02,18.69430923461914,18.235004425048828,18.479570388793945,18.390094757080078,7859000.0,15.157922744750977
2010-07-06,18.84939956665039,18.30061912536621,18.580974578857422,18.497465133666992,8231000.0,15.246416091918945
2010-07-07,19.111860275268555,18.563079833984375,18.58694076538086,19.111860275268555,11036000.0,15.752828598022461
2010-07-08,19.386249542236328,18.92098045349121,19.362390518188477,19.135719299316406,16469500.0,15.77249813079834
2010-07-09,19.177474975585938,18.986595153808594,19.141685485839844,19.135719299316406,8948700.0,15.77249813079834
2010-07-12,19.231159210205078,19.016420364379883,19.123790740966797,19.14764976501465,5951300.0,15.782329559326172
2010-07-13,19.76204490661621,19.36835479736328,19.380285263061523,19.66660499572754,9838700.0,16.21007537841797
2010-07-14,19.642744064331055,19.21923065185547,19.571165084838867,19.410110473632812,10215900.0,15.9986572265625
2010-07-15,19.475725173950195,19.082035064697266,19.422040939331055,19.39818000793457,6926900.0,15.988826751708984
2010-07-16,19.404144287109375,18.8195743560791,19.249055862426758,18.90904998779297,12043200.0,15.58566665649414
2010-07-19,19.171510696411133,18.82554054260254,19.040279388427734,18.96273422241211,8869000.0,15.62990951538086
2010-07-20,19.52344512939453,18.539220809936523,18.71220588684082,19.493619918823242,9404000.0,16.067493438720703
2010-07-21,19.589059829711914,19.040279388427734,19.55327033996582,19.21923065185547,9716800.0,15.841331481933594
2010-07-22,19.773975372314453,19.404144287109375,19.445899963378906,19.505550384521484,10945100.0,16.07732391357422
2010-07-23,19.642744064331055,19.266950607299805,19.416074752807617,19.6129207611084,7208000.0,16.16582679748535
2010-07-26,19.90520477294922,19.58309555053711,19.58309555053711,19.90520477294922,5733200.0,16.40673828125
2010-07-27,20.12590980529785,19.75011444091797,20.006610870361328,19.82169532775879,8189600.0,16.337909698486328
2010-07-28,19.851520538330078,19.690465927124023,19.73818588256836,19.7918701171875,7015200.0,16.313325881958008
2010-07-29,20.06029510498047,19.654674530029297,19.887310028076172,19.899240493774414,8540900.0,16.401826858520508
2010-07-30,20.08415412902832,19.60695457458496,19.744150161743164,19.952924728393555,9111600.0,16.44607162475586
2010-08-02,20.489774703979492,20.23924446105957,20.257139205932617,20.448020935058594,12227400.0,16.854148864746094
2010-08-03,20.626970291137695,20.161699295043945,20.316789627075195,20.37047576904297,8535200.0,16.790233612060547
2010-08-04,20.740304946899414,20.15573501586914,20.35257911682129,20.698549270629883,10308900.0,17.060640335083008
2010-08-05,20.865570068359375,20.459949493408203,20.615039825439453,20.865570068359375,6919000.0,17.19831085205078
2010-08-06,20.799955368041992,20.161699295043945,20.626970291137695,20.513635635375977,12286300.0,16.908235549926758
2010-08-09,20.710479736328125,20.400299072265625,20.615039825439453,20.567319869995117,5662100.0,16.952484130859375
2010-08-10,20.501705169677734,20.2810001373291,20.400299072265625,20.388370513916016,9273200.0,16.80498504638672
2010-08-11,20.119945526123047,19.756080627441406,20.06029510498047,19.83362579345703,8347300.0,16.347736358642578
2010-08-12,19.768009185791016,19.565200805664062,19.654674530029297,19.66660499572754,7245000.0,16.21007537841797
2010-08-13,19.83362579345703,19.529409408569336,19.648710250854492,19.541339874267578,6006200.0,16.106822967529297
2010-08-16,19.481689453125,19.195369720458984,19.296775817871094,19.404144287109375,5937900.0,16.201007843017578
2010-08-17,19.684499740600586,19.404144287109375,19.684499740600586,19.463794708251953,8790200.0,16.250810623168945
2010-08-18,19.481689453125,19.15958023071289,19.410110473632812,19.410110473632812,7288500.0,16.20598602294922
2010-08-19,19.36835479736328,19.040279388427734,19.332565307617188,19.08799934387207,7817900.0,15.937047958374023
2010-08-20,19.022384643554688,18.61079978942871,18.96273422241211,18.801679611206055,8051100.0,15.697994232177734
2010-08-23,19.040279388427734,18.79571533203125,18.79571533203125,18.885189056396484,7794300.0,15.767723083496094
2010-08-24,18.84939956665039,18.575010299682617,18.67045021057129,18.628694534301758,10322200.0,15.553563117980957
2010-08-25,18.521324157714844,18.06798553466797,18.51535987854004,18.354305267333984,12404800.0,15.324474334716797
2010-08-26,18.497465133666992,17.93675422668457,18.467639923095703,18.020265579223633,10411900.0,15.045573234558105
2010-08-27,18.503429412841797,17.918859481811523,18.12166976928711,18.45570945739746,8420100.0,15.409133911132812
2010-08-30,18.539220809936523,18.22307586669922,18.43185043334961,18.22307586669922,6342600.0,15.214903831481934
2010-08-31,18.282724380493164,18.014299392700195,18.145530700683594,18.187284469604492,9045700.0,15.185023307800293
2010-09-01,18.831504821777344,18.3304443359375,18.407989501953125,18.8195743560791,9120300.0,15.712935447692871
2010-09-02,19.016420364379883,18.747995376586914,18.831504821777344,19.010454177856445,7879100.0,15.872302055358887
2010-09-03,19.266950607299805,19.046245574951172,19.08799934387207,19.183439254760742,6912900.0,16.016733169555664
2010-09-07,19.082035064697266,18.801679611206055,18.97466468811035,18.932910919189453,6270500.0,15.807564735412598
2010-09-08,19.153615951538086,18.87922477722168,18.938875198364258,18.932910919189453,6786200.0,15.807564735412598
2010-09-09,19.422040939331055,18.813610076904297,19.231159210205078,18.9508056640625,6566300.0,15.82250690460205
2010-09-10,19.416074752807617,19.03431510925293,19.06414031982422,19.278879165649414,9778500.0,16.096424102783203
2010-09-13,19.493619918823242,19.11782455444336,19.463794708251953,19.237125396728516,7933400.0,16.061559677124023
2010-09-14,19.404144287109375,19.028350830078125,19.237125396728516,19.111860275268555,10127200.0,15.956971168518066
2010-09-15,19.177474975585938,18.891155242919922,18.998525619506836,19.153615951538086,8062300.0,15.991836547851562
2010-09-16,19.11782455444336,18.938875198364258,19.028350830078125,19.08799934387207,5555900.0,15.937047958374023
2010-09-17,19.237125396728516,18.83746910095215,19.231159210205078,18.855365753173828,9133400.0,15.742820739746094
2010-09-20,19.338529586791992,18.861330032348633,18.873260498046875,19.290809631347656,6550800.0,16.106382369995117
2010-09-21,19.481689453125,19.093965530395508,19.475725173950195,19.24308967590332,8690100.0,16.066537857055664
2010-09-22,19.4399356842041,19.03431510925293,19.27291488647461,19.082035064697266,6259600.0,15.932066917419434
2010-09-23,18.97466468811035,18.68238067626953,18.926944732666016,18.76589012145996,9491000.0,15.66811466217041
2010-09-24,19.290809631347656,18.915014266967773,18.986595153808594,19.21326446533203,7458800.0,16.0416316986084
2010-09-27,19.380285263061523,19.195369720458984,19.3027400970459,19.201335906982422,6358500.0,16.031675338745117
2010-09-28,19.416074752807617,19.093965530395508,19.296775817871094,19.380285263061523,7813200.0,16.181087493896484
2010-09-29,19.839590072631836,19.24308967590332,19.320634841918945,19.690465927124023,10494800.0,16.440067291259766
2010-09-30,20.06029510498047,19.535375595092773,19.82169532775879,19.744150161743164,9988200.0,16.484888076782227
2010-10-01,20.221349716186523,19.881345748901367,19.940994262695312,20.167665481567383,10448100.0,16.838491439819336
2010-10-04,20.12590980529785,19.73818588256836,20.036434173583984,19.90520477294922,8260100.0,16.619356155395508
2010-10-05,20.57925033569336,20.048364639282227,20.137840270996094,20.471879959106445,13587700.0,17.092485427856445
2010-10-06,20.955045700073242,20.328720092773438,20.406265258789062,20.937149047851562,16449900.0,17.48094940185547
2010-10-07,21.044519424438477,20.597145080566406,21.044519424438477,20.78802490234375,7455400.0,17.356447219848633
2010-10-08,21.193645477294922,20.561355590820312,20.573284149169922,21.163820266723633,8136400.0,17.670204162597656
2010-10-11,21.187679290771484,20.949079513549805,21.062414169311523,21.032590866088867,6853400.0,17.560636520385742
2010-10-12,21.13995933532715,20.722410202026367,20.931184768676758,21.044519424438477,6160900.0,17.57059669494629
2010-10-13,21.444175720214844,21.09820556640625,21.133995056152344,21.289085388183594,7670000.0,17.77479362487793
2010-10-14,21.438209533691406,21.014694213867188,21.289085388183594,21.18171501159668,7411000.0,17.685150146484375
2010-10-15,21.4322452545166,21.080310821533203,21.312944412231445,21.324874877929688,9684100.0,17.80466651916504
2010-10-18,21.474000930786133,21.26522445678711,21.384525299072266,21.396455764770508,7228100.0,17.864437103271484
2010-10-19,21.12803077697754,20.740304946899414,21.116100311279297,20.937149047851562,11949800.0,17.48094940185547
2010-10-20,21.378559112548828,20.990835189819336,21.038555145263672,21.283119201660156,6178800.0,17.76980972290039
2010-10-21,21.384525299072266,20.98487091064453,21.23539924621582,21.205575942993164,7821600.0,17.7050724029541
2010-10-22,21.33680534362793,21.12803077697754,21.26522445678711,21.241365432739258,4640400.0,17.73495101928711
2010-10-25,21.73049545288086,21.378559112548828,21.51575469970703,21.408384323120117,8028800.0,17.874399185180664
2010-10-26,21.402420043945312,21.169784545898438,21.348735809326172,21.23539924621582,9984400.0,17.729970932006836
2010-10-27,21.175750732421875,20.87153434753418,21.050485610961914,21.050485610961914,8075400.0,17.57558250427246
2010-10-28,21.301015853881836,20.949079513549805,21.229434967041016,21.038555145263672,11072000.0,17.56561851501465
2010-10-29,21.2532958984375,20.931184768676758,20.931184768676758,21.217504501342773,6702700.0,17.71502685546875
2010-11-01,21.539615631103516,21.05644989013672,21.414350509643555,21.169784545898438,7195800.0,17.675189971923828
2010-11-02,20.710479736328125,19.994680404663086,20.39433479309082,20.048364639282227,30087100.0,16.738887786865234
2010-11-03,20.119945526123047,19.35642433166504,20.108015060424805,19.726255416870117,24354200.0,16.469951629638672
2010-11-04,20.2810001373291,19.773975372314453,19.893274307250977,20.179595947265625,17372100.0,16.848453521728516
2010-11-05,20.26906967163086,19.935029983520508,20.1438045501709,20.233280181884766,14844400.0,16.89327049255371
2010-11-08,20.418195724487305,20.11397933959961,20.203454971313477,20.23924446105957,14853900.0,16.89824867248535
2010-11-09,20.47784423828125,19.958890914916992,20.406265258789062,20.048364639282227,10516500.0,16.738887786865234
2010-11-10,20.29889488220215,19.857484817504883,20.042400360107422,20.29889488220215,8339900.0,16.94805908203125
2010-11-11,20.43609046936035,20.161699295043945,20.22731590270996,20.36450958251953,8537300.0,17.002840042114258
2010-11-12,20.31082534790039,19.982749938964844,20.251174926757812,20.12590980529785,9568300.0,16.80362319946289
2010-11-15,20.376440048217773,20.042400360107422,20.149770736694336,20.08415412902832,7651600.0,16.979684829711914
2010-11-16,20.006610870361328,19.63677978515625,19.923099517822266,19.869415283203125,11244700.0,16.798141479492188
2010-11-17,20.00064468383789,19.732219696044922,19.881345748901367,19.82169532775879,8625800.0,16.757801055908203
2010-11-18,20.406265258789062,20.048364639282227,20.18556022644043,20.376440048217773,7986000.0,17.226787567138672
2010-11-19,20.4539852142334,20.131874084472656,20.34065055847168,20.442054748535156,6976600.0,17.28226089477539
2010-11-22,20.561355590820312,20.131874084472656,20.358545303344727,20.459949493408203,9943100.0,17.297391891479492
2010-11-23,20.23924446105957,19.809764862060547,20.23924446105957,19.87537956237793,10619700.0,16.80318260192871
2010-11-24,20.191524505615234,19.940994262695312,20.048364639282227,20.15573501586914,5881900.0,17.040197372436523
2010-11-26,20.108015060424805,19.940994262695312,20.012575149536133,19.9708194732666,2400500.0,16.883867263793945
2010-11-29,20.161699295043945,19.690465927124023,19.935029983520508,20.096084594726562,7282900.0,16.989770889282227
2010-11-30,20.179595947265625,19.744150161743164,19.803800582885742,19.964855194091797,8863800.0,16.878822326660156
2010-12-01,20.448020935058594,20.179595947265625,20.263105392456055,20.37047576904297,8739300.0,17.221750259399414
2010-12-02,20.907325744628906,20.36450958251953,20.376440048217773,20.90135955810547,8974000.0,17.67056655883789
2010-12-03,21.074344635009766,20.782060623168945,20.907325744628906,20.943115234375,9420400.0,17.705875396728516
2010-12-06,21.02662467956543,20.74626922607422,20.949079513549805,20.74626922607422,7393900.0,17.539451599121094
2010-12-07,21.11013412475586,20.799955368041992,21.050485610961914,20.877500534057617,12879600.0,17.65039825439453
2010-12-08,21.020660400390625,20.740304946899414,20.931184768676758,20.978904724121094,7941300.0,17.736135482788086
2010-12-09,21.133995056152344,20.692584991455078,21.09820556640625,20.776094436645508,8385700.0,17.564668655395508
2010-12-10,21.044519424438477,20.81785011291504,20.919254302978516,20.96697425842285,7809300.0,17.726049423217773
2010-12-13,21.05644989013672,20.615039825439453,21.038555145263672,20.85960578918457,11133400.0,17.63527488708496
2010-12-14,21.020660400390625,20.73434066772461,20.823814392089844,20.85960578918457,7583400.0,17.63527488708496
2010-12-15,20.99679946899414,20.7641658782959,20.811885833740234,20.793989181518555,6559500.0,17.579792022705078
2010-12-16,20.99679946899414,20.638900756835938,20.81785011291504,20.978904724121094,6522200.0,17.736135482788086
2010-12-17,21.044519424438477,20.853639602661133,20.961009979248047,21.002765655517578,7328900.0,17.756301879882812
2010-12-20,21.533649444580078,21.074344635009766,21.11013412475586,21.42031478881836,9274900.0,18.109304428100586
2010-12-21,21.712600708007812,21.414350509643555,21.50382423400879,21.58733558654785,7029600.0,18.250511169433594
2010-12-22,21.873655319213867,21.533649444580078,21.652950286865234,21.790145874023438,5235800.0,18.421972274780273
2010-12-23,21.90944480895996,21.61716079711914,21.81400489807129,21.718564987182617,4678400.0,18.3614559173584
2010-12-27,21.82593536376953,21.61716079711914,21.682775497436523,21.778215408325195,3928200.0,18.41188621520996
2010-12-28,21.891550064086914,21.682775497436523,21.86768913269043,21.766284942626953,4807200.0,18.40180015563965
2010-12-29,22.154010772705078,21.736459732055664,21.772249221801758,22.02277946472168,4918000.0,18.61865234375
2010-12-30,22.100324630737305,21.927339553833008,22.01085090637207,21.975059509277344,4968900.0,18.57830047607422
2010-12-31,22.195764541625977,21.873655319213867,21.975059509277344,22.088394165039062,4227100.0,18.67412567138672
2011-01-03,22.559629440307617,22.130149841308594,22.30313491821289,22.422435760498047,7335900.0,18.95652961730957
2011-01-04,22.5834903717041,22.058570861816406,22.547700881958008,22.297170639038086,8221200.0,18.850627899169922
2011-01-05,22.350854873657227,22.05260467529297,22.267345428466797,22.2733097076416,7193200.0,18.83045196533203
2011-01-06,22.494014739990234,22.26137924194336,22.321029663085938,22.42840003967285,9321000.0,18.961570739746094
2011-01-07,23.102445602416992,22.66699981689453,22.81015968322754,23.042795181274414,13017200.0,19.48099708557129
2011-01-10,23.4245548248291,23.030864715576172,23.156129837036133,23.352975845336914,12057500.0,19.743236541748047
2011-01-11,23.860000610351562,23.376834869384766,23.496135711669922,23.69297981262207,12562600.0,20.03067970275879
2011-01-12,24.319305419921875,23.782455444335938,23.860000610351562,24.176145553588867,13980500.0,20.439165115356445
2011-01-13,26.78285026550293,25.53019905090332,26.41898536682129,25.637569427490234,74339900.0,21.674684524536133
2011-01-14,25.649499893188477,25.100719451904297,25.375110626220703,25.404935836791992,20703900.0,21.478017807006836
2011-01-18,25.721080780029297,25.273704528808594,25.285634994506836,25.333354949951172,16243900.0,21.417499542236328
2011-01-19,25.56002426147461,25.035104751586914,25.369144439697266,25.08282470703125,18327400.0,21.2056941986084
2011-01-20,25.202125549316406,24.66527557373047,25.0589656829834,24.963525772094727,15983700.0,21.104833602905273
2011-01-21,25.231950759887695,24.993349075317383,25.106685638427734,25.076860427856445,16841900.0,21.200653076171875
2011-01-24,25.18423080444336,24.987384796142578,25.05299949645996,25.142475128173828,15901400.0,21.25612449645996
2011-01-25,25.99547004699707,25.08282470703125,25.160369873046875,25.977575302124023,21007800.0,21.962139129638672
2011-01-26,27.230224609375,26.395124435424805,26.44284439086914,27.069169998168945,26831500.0,22.884998321533203
2011-01-27,27.069169998168945,26.532320022583008,26.973730087280273,26.639690399169922,19626600.0,22.521907806396484
2011-01-28,26.943904876708984,26.30565071105957,26.30565071105957,26.6993408203125,15764700.0,22.572338104248047
2011-01-31,27.289875030517578,26.532320022583008,26.82460594177246,27.26004981994629,14051400.0,23.04637908935547
2011-02-01,27.880409240722656,27.170574188232422,27.45689582824707,27.796899795532227,17406300.0,23.500247955322266
2011-02-02,28.035499572753906,27.057239532470703,27.433034896850586,27.373384475708008,17381500.0,23.142192840576172
2011-02-03,27.46882438659668,26.81267547607422,27.31373405456543,27.409175872802734,11223600.0,23.17245864868164
2011-02-04,27.522510528564453,27.03338050842285,27.43899917602539,27.35548973083496,10115100.0,23.12706756591797
2011-02-07,28.274099349975586,27.56426429748535,27.83268928527832,27.677600860595703,12317000.0,23.399381637573242
2011-02-08,27.755144119262695,27.391279220581055,27.677600860595703,27.606019973754883,10483900.0,23.3388729095459
2011-02-09,27.689529418945312,27.254085540771484,27.576194763183594,27.641809463500977,9630300.0,23.369129180908203
2011-02-10,27.790935516357422,27.349525451660156,27.522510528564453,27.69549560546875,11349300.0,23.414508819580078
2011-02-11,27.796899795532227,27.421104431152344,27.629880905151367,27.72532081604004,10831300.0,23.439733505249023
2011-02-14,29.425344467163086,27.588125228881836,27.743215560913086,29.258325576782227,21306900.0,24.96084976196289
2011-02-15,29.127094268798828,28.60814094543457,29.067445755004883,28.673755645751953,11807700.0,24.46213722229004
2011-02-16,29.50885581970215,28.81691551208496,29.031654357910156,29.413415908813477,16724800.0,25.093154907226562
2011-02-17,30.159040451049805,29.26428985595703,29.413415908813477,29.87272071838379,14465700.0,25.484996795654297
2011-02-18,29.938335418701172,29.270254135131836,29.87272071838379,29.53271484375,15611300.0,25.19493293762207
2011-02-22,29.514820098876953,28.369539260864258,29.317974090576172,28.459014892578125,21026300.0,24.278940200805664
2011-02-23,29.950265884399414,28.697614669799805,28.781124114990234,29.33587074279785,21534200.0,25.027002334594727
2011-02-24,29.228500366210938,28.369539260864258,29.150955200195312,28.709545135498047,17350500.0,24.4926700592041
2011-02-25,29.09726905822754,28.614105224609375,28.894460678100586,29.001829147338867,11684900.0,24.742021560668945
2011-02-28,29.860790252685547,29.127094268798828,29.174814224243164,29.58639907836914,12382500.0,25.240734100341797
2011-03-01,31.244670867919922,30.063600540161133,31.226774215698242,30.272375106811523,28725900.0,25.825952529907227
2011-03-02,30.540800094604492,29.914474487304688,30.34395408630371,30.379745483398438,14486000.0,25.91754722595215
2011-03-03,31.477304458618164,30.791330337524414,31.029930114746094,31.41168975830078,13896300.0,26.797922134399414
2011-03-04,31.489234924316406,30.672029495239258,31.4832706451416,30.815189361572266,15132400.0,26.289043426513672
2011-03-07,31.32818031311035,30.296234130859375,31.322214126586914,30.672029495239258,10473900.0,26.166900634765625
2011-03-08,30.409570693969727,29.58639907836914,30.397640228271484,29.932369232177734,14865700.0,25.535884857177734
2011-03-09,30.057634353637695,29.443239212036133,29.932369232177734,29.598329544067383,13361600.0,25.250913619995117
2011-03-10,29.50885581970215,28.948144912719727,29.276220321655273,28.98393440246582,13826800.0,24.726762771606445
2011-03-11,30.033775329589844,28.703580856323242,28.763229370117188,29.92640495300293,11457100.0,25.53079605102539
2011-03-14,30.23658561706543,29.33587074279785,29.783245086669922,29.628154754638672,11504100.0,25.276357650756836
2011-03-15,29.50288963317871,28.14286994934082,28.441120147705078,29.21060562133789,12598900.0,24.920133590698242
2011-03-16,29.962194442749023,28.64989471435547,29.425344467163086,29.067445755004883,17394300.0,24.798004150390625
2011-03-17,29.699735641479492,29.228500366210938,29.228500366210938,29.550609588623047,13581200.0,25.210203170776367
2011-03-18,30.00991439819336,29.53271484375,29.860790252685547,29.61622428894043,15731200.0,25.26618003845215
2011-03-21,30.988174438476562,30.32009506225586,30.76746940612793,30.92255973815918,12992400.0,26.380638122558594
2011-03-22,30.982210159301758,30.29026985168457,30.970279693603516,30.546764373779297,9304200.0,26.060039520263672
2011-03-23,30.624309539794922,30.129215240478516,30.433429718017578,30.159040451049805,9883100.0,25.72926139831543
2011-03-24,30.427465438842773,29.950265884399414,30.26044464111328,30.26044464111328,9548100.0,25.81577491760254
2011-03-25,30.874839782714844,30.224655151367188,30.3320255279541,30.83905029296875,12998800.0,26.30939292907715
2011-03-28,31.280460357666016,30.5050106048584,30.95238494873047,30.5050106048584,12194600.0,26.024417877197266
2011-03-29,31.25659942626953,30.540800094604492,30.564659118652344,31.149229049682617,11366600.0,26.574016571044922
2011-03-30,31.692045211791992,31.13133430480957,31.31624984741211,31.584674835205078,9751300.0,26.945497512817383
2011-03-31,32.055908203125,31.602569580078125,31.76362419128418,31.799415588378906,11252600.0,27.128704071044922
2011-04-01,32.32433319091797,31.823274612426758,32.09766387939453,31.942575454711914,9565600.0,27.250831604003906
2011-04-04,32.13941955566406,31.50116539001465,32.09766387939453,31.668184280395508,9245900.0,27.016748428344727
2011-04-05,32.09766387939453,31.50116539001465,31.85906410217285,31.870994567871094,7785000.0,27.18976593017578
2011-04-06,32.15731430053711,31.453445434570312,32.09766387939453,31.55484962463379,6372500.0,26.920059204101562
2011-04-07,32.133453369140625,31.25659942626953,31.632394790649414,31.614500045776367,8799600.0,26.9709415435791
2011-04-08,31.942575454711914,31.31624984741211,31.739765167236328,31.47134017944336,8445200.0,26.848814010620117
2011-04-11,31.62643051147461,30.761505126953125,31.41765594482422,30.88080406188965,8303700.0,26.345016479492188
2011-04-12,30.57062530517578,29.681840896606445,30.564659118652344,29.932369232177734,15762600.0,25.535884857177734
2011-04-13,30.39167594909668,29.68780517578125,30.23658561706543,30.0218448638916,7674600.0,25.612218856811523
2011-04-14,30.576589584350586,29.759384155273438,29.96816062927246,30.522905349731445,8478400.0,26.039688110351562
2011-04-15,30.856945037841797,30.427465438842773,30.606414794921875,30.618345260620117,8580200.0,26.121110916137695
2011-04-18,30.64220428466797,29.908510208129883,30.218690872192383,30.47518539428711,8882300.0,25.998973846435547
2011-04-19,30.588520050048828,30.003950119018555,30.3320255279541,30.588520050048828,9498200.0,26.09566307067871
2011-04-20,31.853099822998047,30.988174438476562,31.041860580444336,31.80537986755371,11114500.0,27.133790969848633
2011-04-21,32.15134811401367,31.62643051147461,31.936609268188477,32.11555862426758,7207700.0,27.398405075073242
2011-04-25,32.234859466552734,31.298355102539062,32.15134811401367,31.36993408203125,8143000.0,26.762300491333008
2011-04-26,31.542919158935547,30.934490203857422,31.39975929260254,31.41168975830078,9224400.0,26.797922134399414
2011-04-27,31.584674835205078,30.79729461669922,31.477304458618164,31.39975929260254,8612200.0,26.78774642944336
2011-04-28,31.459409713745117,30.946420669555664,31.322214126586914,31.381864547729492,7276600.0,26.77247428894043
2011-04-29,32.276615142822266,31.32818031311035,31.423620223999023,32.234859466552734,9986900.0,27.500185012817383
2011-05-02,32.40784454345703,31.56678009033203,32.276615142822266,31.85906410217285,12521300.0,27.179590225219727
2011-05-03,31.733800888061523,30.433429718017578,31.447479248046875,31.352039337158203,17831100.0,26.74703025817871
2011-05-04,31.125370025634766,30.481149673461914,31.125370025634766,30.749574661254883,11765600.0,26.233068466186523
2011-05-05,30.367815017700195,29.276220321655273,30.314130783081055,29.556575775146484,18301000.0,25.215293884277344
2011-05-06,30.457290649414062,29.47903060913086,29.860790252685547,29.568504333496094,18002600.0,25.225465774536133
2011-05-09,31.20291519165039,29.860790252685547,29.974124908447266,31.13133430480957,13246700.0,26.55874252319336
2011-05-10,31.41168975830078,30.779399871826172,31.071685791015625,31.274494171142578,11464500.0,26.680877685546875
2011-05-11,31.19098472595215,29.87272071838379,31.155195236206055,30.32009506225586,13453100.0,25.866662979125977
2011-05-12,30.743610382080078,29.556575775146484,30.075529098510742,30.522905349731445,11399800.0,26.039688110351562
2011-05-13,30.833084106445312,30.045705795288086,30.719749450683594,30.481149673461914,11092300.0,26.004060745239258
2011-05-16,30.64220428466797,29.878684997558594,30.272375106811523,29.99798583984375,8370100.0,25.803497314453125
2011-05-17,29.962194442749023,29.34779930114746,29.765350341796875,29.8428955078125,10779200.0,25.670093536376953
2011-05-18,30.898700714111328,29.992019653320312,30.08149528503418,30.73764419555664,11408300.0,26.439735412597656
2011-05-19,31.179054260253906,30.48711585998535,30.815189361572266,30.970279693603516,9514800.0,26.639846801757812
2011-05-20,31.04782485961914,30.451324462890625,30.982210159301758,30.540800094604492,10753500.0,26.270416259765625
2011-05-23,30.24851417541504,29.56254005432129,30.117284774780273,30.11132049560547,14156700.0,25.900985717773438
2011-05-24,31.31624984741211,30.32009506225586,30.457290649414062,30.946420669555664,14122700.0,26.619319915771484
2011-05-25,31.745729446411133,30.65413475036621,30.695890426635742,31.47134017944336,13493500.0,27.070842742919922
2011-05-26,31.996259689331055,31.26256561279297,31.375900268554688,31.96047019958496,11010200.0,27.4915771484375
2011-05-27,32.34819412231445,31.44151496887207,32.014156341552734,31.835205078125,11141900.0,27.383825302124023
2011-05-31,32.330299377441406,31.906784057617188,32.09766387939453,32.31240463256836,12052600.0,27.794300079345703
2011-06-01,31.906784057617188,31.155195236206055,31.787485122680664,31.405725479125977,16810700.0,27.014402389526367
2011-06-02,31.608535766601562,30.785364151000977,31.459409713745117,31.322214126586914,9890300.0,26.942569732666016
2011-06-03,31.20291519165039,30.64220428466797,30.695890426635742,30.898700714111328,10011700.0,26.578271865844727
2011-06-06,31.00606918334961,30.141145706176758,30.80922508239746,30.17693519592285,10030300.0,25.957422256469727
2011-06-07,31.04782485961914,30.242549896240234,30.355884552001953,30.540800094604492,11104100.0,26.270416259765625
2011-06-08,30.8629093170166,30.093425750732422,30.540800094604492,30.34395408630371,8867800.0,26.101093292236328
2011-06-09,30.856945037841797,30.451324462890625,30.624309539794922,30.510974884033203,8705700.0,26.244762420654297
2011-06-10,30.367815017700195,29.878684997558594,30.367815017700195,29.974124908447266,15379000.0,25.78297233581543
2011-06-13,30.32009506225586,29.282184600830078,30.11132049560547,29.699735641479492,9721700.0,25.546955108642578
2011-06-14,31.244670867919922,30.0218448638916,30.05167007446289,31.02396583557129,15744600.0,26.68602180480957
2011-06-15,30.71378517150879,29.938335418701172,30.576589584350586,30.284305572509766,13979700.0,26.04978370666504
2011-06-16,30.940454483032227,30.03973960876465,30.34395408630371,30.534835815429688,11359500.0,26.26528549194336
2011-06-17,30.8629093170166,30.117284774780273,30.803260803222656,30.17693519592285,13311600.0,25.957422256469727
2011-06-20,30.481149673461914,29.836929321289062,29.950265884399414,30.481149673461914,8720300.0,26.21910285949707
2011-06-21,31.38783073425293,30.284305572509766,30.5050106048584,31.10747528076172,12113900.0,26.757856369018555
2011-06-22,31.80537986755371,30.86887550354004,30.96431541442871,31.489234924316406,11779700.0,27.086231231689453
2011-06-23,30.845014572143555,29.992019653320312,30.845014572143555,30.791330337524414,18295500.0,26.485919952392578
2011-06-24,30.886770248413086,29.425344467163086,30.80922508239746,29.556575775146484,22634800.0,25.423812866210938
2011-06-27,29.461135864257812,29.007795333862305,29.234464645385742,29.26428985595703,17043400.0,25.17239761352539
2011-06-28,30.71378517150879,29.49095916748047,29.63412094116211,30.648170471191406,14636200.0,26.362775802612305
2011-06-29,31.11940574645996,30.409570693969727,30.743610382080078,30.79729461669922,12529400.0,26.49104118347168
2011-06-30,31.465375900268555,30.761505126953125,30.92255973815918,31.423620223999023,13829300.0,27.0297908782959
2011-07-01,33.279998779296875,32.08000183105469,33.279998779296875,32.95000076293945,12950000.0,28.342744827270508
2011-07-05,34.38999938964844,33.36000061035156,33.83000183105469,34.06999969482422,17142200.0,29.306137084960938
2011-07-06,34.970001220703125,32.52000045776367,34.90999984741211,32.810001373291016,18806000.0,28.22232437133789
2011-07-07,33.599998474121094,32.400001525878906,33.59000015258789,33.099998474121094,14330200.0,28.47176742553711
2011-07-08,32.970001220703125,32.31999969482422,32.630001068115234,32.66999816894531,9070300.0,28.101892471313477
2011-07-11,32.369998931884766,31.670000076293945,32.33000183105469,32.0099983215332,9712900.0,27.534175872802734
2011-07-12,31.8700008392334,31.5,31.719999313354492,31.520000457763672,8328100.0,27.112701416015625
2011-07-13,32.290000915527344,31.540000915527344,32.0,31.709999084472656,10133700.0,27.276132583618164
2011-07-14,32.060001373291016,31.25,31.889999389648438,31.299999237060547,7605900.0,26.92345428466797
2011-07-15,31.799999237060547,31.139999389648438,31.450000762939453,31.68000030517578,8761800.0,27.25032615661621
2011-07-18,31.59000015258789,31.100000381469727,31.469999313354492,31.399999618530273,7228000.0,27.009479522705078
2011-07-19,31.8700008392334,30.920000076293945,31.649999618530273,31.229999542236328,12320800.0,26.863248825073242
2011-07-20,31.790000915527344,30.969999313354492,31.780000686645508,31.030000686645508,8226100.0,26.69121551513672
2011-07-21,32.04999923706055,31.270000457763672,31.420000076293945,31.989999771118164,7770400.0,27.516979217529297
2011-07-22,32.06999969482422,31.739999771118164,32.06999969482422,32.0099983215332,4938900.0,27.534175872802734
2011-07-25,32.83000183105469,31.690000534057617,31.75,32.47999954223633,7747300.0,27.93846321105957
2011-07-26,32.66999816894531,32.119998931884766,32.650001525878906,32.33000183105469,5720600.0,27.809446334838867
2011-07-27,32.09000015258789,31.15999984741211,32.09000015258789,31.5,6882500.0,27.095500946044922
2011-07-28,31.65999984741211,31.079999923706055,31.440000534057617,31.09000015258789,7689200.0,26.742822647094727
2011-07-29,31.1200008392334,30.5,30.75,30.969999313354492,8861300.0,26.63960075378418
2011-08-01,31.43000030517578,30.350000381469727,31.40999984741211,30.639999389648438,8193200.0,26.355743408203125
2011-08-02,30.43000030517578,29.1200008392334,30.049999237060547,29.1200008392334,10827500.0,25.048282623291016
2011-08-03,28.6299991607666,26.81999969482422,27.959999084472656,27.6299991607666,22157800.0,23.76661491394043
2011-08-04,27.18000030517578,25.049999237060547,27.170000076293945,25.100000381469727,18139600.0,21.590377807617188
2011-08-05,26.709999084472656,24.100000381469727,26.649999618530273,26.1200008392334,28428700.0,22.467754364013672
2011-08-08,25.100000381469727,23.31999969482422,24.139999389648438,23.3700008392334,22394400.0,20.102272033691406
2011-08-09,25.649999618530273,23.600000381469727,24.350000381469727,25.469999313354492,20454800.0,21.908641815185547
2011-08-10,26.329999923706055,25.040000915527344,25.049999237060547,25.290000915527344,24681600.0,21.753807067871094
2011-08-11,26.799999237060547,25.1299991607666,25.56999969482422,26.43000030517578,25157800.0,22.73440933227539
2011-08-12,27.1299991607666,26.350000381469727,26.969999313354492,26.649999618530273,10311000.0,22.923646926879883
2011-08-15,27.56999969482422,26.920000076293945,27.059999465942383,27.540000915527344,8948200.0,23.82328987121582
2011-08-16,27.59000015258789,26.850000381469727,27.420000076293945,27.110000610351562,9161200.0,23.45132827758789
2011-08-17,28.239999771118164,27.010000228881836,27.850000381469727,27.43000030517578,8716900.0,23.72813606262207
2011-08-18,26.40999984741211,25.309999465942383,26.40999984741211,25.59000015258789,11485200.0,22.13646125793457
2011-08-19,25.969999313354492,25.0,25.1200008392334,25.170000076293945,9753300.0,21.773136138916016
2011-08-22,26.420000076293945,24.920000076293945,26.200000762939453,25.299999237060547,9103200.0,21.88559341430664
2011-08-23,25.989999771118164,25.149999618530273,25.3700008392334,25.989999771118164,10106200.0,22.48247718811035
2011-08-24,26.190000534057617,25.149999618530273,25.90999984741211,25.700000762939453,8553000.0,22.23162078857422
2011-08-25,26.030000686645508,25.06999969482422,25.899999618530273,25.190000534057617,6736800.0,21.790441513061523
2011-08-26,25.969999313354492,24.450000762939453,24.989999771118164,25.889999389648438,7279800.0,22.39597511291504
2011-08-29,26.56999969482422,25.93000030517578,26.270000457763672,26.40999984741211,6269300.0,22.845792770385742
2011-08-30,26.68000030517578,25.93000030517578,26.1200008392334,26.5,9359300.0,22.923648834228516
2011-08-31,27.290000915527344,26.540000915527344,26.829999923706055,26.920000076293945,8067400.0,23.286970138549805
2011-09-01,27.469999313354492,26.709999084472656,27.049999237060547,26.780000686645508,6001500.0,23.165863037109375
2011-09-02,26.149999618530273,25.600000381469727,25.969999313354492,25.780000686645508,5412500.0,22.30081558227539
2011-09-06,25.079999923706055,24.030000686645508,24.450000762939453,25.049999237060547,10127700.0,21.669334411621094
2011-09-07,26.540000915527344,25.799999237060547,26.110000610351562,26.510000228881836,7832800.0,22.932300567626953
2011-09-08,26.719999313354492,25.6200008392334,26.40999984741211,25.799999237060547,6912500.0,22.318115234375
2011-09-09,25.43000030517578,24.510000228881836,25.3700008392334,24.81999969482422,11000200.0,21.470373153686523
2011-09-12,24.889999389648438,23.790000915527344,24.40999984741211,24.389999389648438,10836200.0,21.098398208618164
2011-09-13,25.040000915527344,24.3799991607666,24.510000228881836,24.579999923706055,14552200.0,21.26276969909668
2011-09-14,24.950000762939453,24.149999618530273,24.700000762939453,24.6299991607666,12872300.0,21.306020736694336
2011-09-15,25.739999771118164,24.790000915527344,24.989999771118164,25.690000534057617,6617400.0,22.222963333129883
2011-09-16,25.920000076293945,25.1200008392334,25.8799991607666,25.329999923706055,8965800.0,21.911544799804688
2011-09-19,25.40999984741211,24.489999771118164,24.790000915527344,25.170000076293945,7383100.0,21.773136138916016
2011-09-20,25.56999969482422,24.75,25.31999969482422,24.770000457763672,4497100.0,21.4271240234375
2011-09-21,24.989999771118164,23.700000762939453,24.649999618530273,23.729999542236328,8530800.0,20.52747917175293
2011-09-22,22.8799991607666,21.579999923706055,22.84000015258789,22.049999237060547,12991500.0,19.07420539855957
2011-09-23,22.559999465942383,21.81999969482422,22.209999084472656,22.059999465942383,7873100.0,19.082853317260742
2011-09-26,23.270000457763672,21.649999618530273,22.229999542236328,23.229999542236328,10562700.0,20.09495735168457
2011-09-27,24.280000686645508,23.0,23.829999923706055,23.15999984741211,8122900.0,20.034400939941406
2011-09-28,23.399999618530273,22.1200008392334,23.260000228881836,22.149999618530273,6969300.0,19.160709381103516
2011-09-29,22.950000762939453,21.790000915527344,22.850000381469727,22.31999969482422,8212300.0,19.30776596069336
2011-09-30,22.200000762939453,21.579999923706055,22.139999389648438,21.579999923706055,9987700.0,18.66763687133789
2011-10-03,21.40999984741211,20.260000228881836,21.309999465942383,20.270000457763672,10678100.0,17.534425735473633
2011-10-04,21.110000610351562,19.1299991607666,19.780000686645508,21.09000015258789,13200000.0,18.24376678466797
2011-10-05,22.75,21.43000030517578,22.209999084472656,22.639999389648438,11157600.0,19.584583282470703
2011-10-06,23.219999313354492,22.299999237060547,22.540000915527344,23.200000762939453,9906000.0,20.06900978088379
2011-10-07,23.579999923706055,22.450000762939453,23.5,22.530000686645508,7676400.0,19.48942756652832
2011-10-10,23.950000762939453,23.010000228881836,23.010000228881836,23.899999618530273,5424900.0,20.674535751342773
2011-10-11,24.09000015258789,23.3799991607666,23.600000381469727,23.549999237060547,8064300.0,20.37176513671875
2011-10-12,23.940000534057617,23.450000762939453,23.90999984741211,23.489999771118164,8565200.0,20.319869995117188
2011-10-13,23.770000457763672,22.989999771118164,23.5,23.649999618530273,6328200.0,20.458276748657227
2011-10-14,24.549999237060547,24.079999923706055,24.079999923706055,24.549999237060547,5673300.0,21.2368106842041
2011-10-17,24.469999313354492,23.690000534057617,24.3700008392334,23.84000015258789,6417900.0,20.62263298034668
2011-10-18,25.0,23.399999618530273,23.780000686645508,24.84000015258789,6680500.0,21.4876766204834
2011-10-19,25.100000381469727,24.489999771118164,24.84000015258789,24.649999618530273,7376800.0,21.323322296142578
2011-10-20,24.940000534057617,24.1299991607666,24.68000030517578,24.84000015258789,5957300.0,21.4876766204834
2011-10-21,26.010000228881836,25.270000457763672,25.350000381469727,25.809999465942383,7937500.0,22.326770782470703
2011-10-24,26.329999923706055,25.780000686645508,25.8799991607666,26.260000228881836,9293200.0,22.716035842895508
2011-10-25,26.149999618530273,25.3799991607666,26.110000610351562,25.739999771118164,6741300.0,22.26621437072754
2011-10-26,26.479999542236328,25.59000015258789,26.219999313354492,26.34000015258789,5959400.0,22.785242080688477
2011-10-27,28.049999237060547,27.0,27.260000228881836,27.760000228881836,7523300.0,24.013608932495117
2011-10-28,28.1299991607666,27.399999618530273,27.510000228881836,27.969999313354492,6312300.0,24.195262908935547
2011-10-31,27.510000228881836,26.030000686645508,27.440000534057617,26.030000686645508,10040700.0,22.51708221435547
2011-11-01,25.770000457763672,24.510000228881836,24.959999084472656,25.3799991607666,12818700.0,21.954797744750977
2011-11-02,26.25,25.5,25.989999771118164,26.010000228881836,9426100.0,22.499780654907227
2011-11-03,26.899999618530273,26.079999923706055,26.5,26.739999771118164,7488200.0,23.131256103515625
2011-11-04,27.200000762939453,26.3799991607666,26.530000686645508,27.030000686645508,7781600.0,23.382123947143555
2011-11-07,27.6200008392334,26.959999084472656,27.0,27.520000457763672,7086900.0,23.805997848510742
2011-11-08,28.290000915527344,27.43000030517578,27.8799991607666,28.260000228881836,8371900.0,24.44612693786621
2011-11-09,27.670000076293945,26.760000228881836,27.31999969482422,26.860000610351562,8494000.0,23.235061645507812
2011-11-10,27.68000030517578,26.770000457763672,27.350000381469727,27.329999923706055,6118700.0,23.641637802124023
2011-11-11,28.489999771118164,27.780000686645508,27.850000381469727,28.329999923706055,6618200.0,24.506685256958008
2011-11-14,28.34000015258789,27.5,28.25,27.670000076293945,5169400.0,24.063159942626953
2011-11-15,27.979999542236328,27.020000457763672,27.1200008392334,27.760000228881836,6775300.0,24.141422271728516
2011-11-16,28.3700008392334,27.25,27.3700008392334,27.6299991607666,8109700.0,24.028371810913086
2011-11-17,27.559999465942383,26.219999313354492,27.530000686645508,26.459999084472656,9241500.0,23.010883331298828
2011-11-18,26.8700008392334,26.010000228881836,26.75,26.1299991607666,7282600.0,22.72390365600586
2011-11-21,26.40999984741211,25.360000610351562,25.520000457763672,26.299999237060547,8434800.0,22.871740341186523
2011-11-22,26.440000534057617,25.760000228881836,26.299999237060547,26.010000228881836,6836200.0,22.619539260864258
2011-11-23,25.6200008392334,24.799999237060547,25.600000381469727,24.84000015258789,6442600.0,21.60205841064453
2011-11-25,25.1200008392334,24.6200008392334,24.84000015258789,24.65999984741211,2507100.0,21.44551658630371
2011-11-28,26.280000686645508,25.68000030517578,25.8700008392334,25.979999542236328,7141500.0,22.59345054626465
2011-11-29,26.709999084472656,25.979999542236328,26.110000610351562,26.520000457763672,6191700.0,23.06306266784668
2011-11-30,28.100000381469727,27.450000762939453,27.450000762939453,27.959999084472656,7880300.0,24.315353393554688
2011-12-01,28.260000228881836,27.59000015258789,27.690000534057617,27.719999313354492,5931400.0,24.10663604736328
2011-12-02,28.25,27.610000610351562,28.219999313354492,27.770000457763672,6103900.0,24.150121688842773
2011-12-05,28.850000381469727,28.25,28.520000457763672,28.530000686645508,8727400.0,24.811054229736328
2011-12-06,28.729999542236328,28.079999923706055,28.579999923706055,28.479999542236328,6636900.0,24.76757049560547
2011-12-07,28.6299991607666,27.899999618530273,28.510000228881836,28.40999984741211,6670500.0,24.706697463989258
2011-12-08,28.309999465942383,27.270000457763672,28.270000457763672,27.360000610351562,7212400.0,23.79357147216797
2011-12-09,28.420000076293945,27.280000686645508,27.530000686645508,28.329999923706055,6638900.0,24.637130737304688
2011-12-12,28.0,26.850000381469727,27.959999084472656,27.31999969482422,5474400.0,23.758777618408203
2011-12-13,28.530000686645508,27.389999389648438,28.0,27.639999389648438,8770100.0,24.037067413330078
2011-12-14,27.360000610351562,26.579999923706055,27.170000076293945,26.989999771118164,6914000.0,23.47179412841797
2011-12-15,27.610000610351562,27.0,27.309999465942383,27.079999923706055,8390300.0,23.550064086914062
2011-12-16,27.420000076293945,26.959999084472656,27.059999465942383,27.3799991607666,8658100.0,23.810955047607422
2011-12-19,27.329999923706055,26.360000610351562,27.209999084472656,26.450000762939453,6775500.0,23.0021915435791
2011-12-20,27.65999984741211,27.170000076293945,27.170000076293945,27.5,6171200.0,23.91531753540039
2011-12-21,28.25,27.34000015258789,27.579999923706055,28.139999389648438,7726400.0,24.471891403198242
2011-12-22,28.989999771118164,28.25,28.350000381469727,28.8799991607666,8245700.0,25.115432739257812
2011-12-23,29.219999313354492,28.8799991607666,28.989999771118164,29.219999313354492,3828200.0,25.411108016967773
2011-12-27,29.489999771118164,28.950000762939453,29.200000762939453,29.34000015258789,3702800.0,25.515466690063477
2011-12-28,29.520000457763672,28.729999542236328,29.520000457763672,28.829999923706055,4989500.0,25.07195281982422
2011-12-29,29.350000381469727,28.889999389648438,28.989999771118164,29.299999237060547,3473900.0,25.480684280395508
2011-12-30,29.81999969482422,29.209999084472656,29.25,29.270000457763672,5949900.0,25.454591751098633
2012-01-03,31.110000610351562,29.920000076293945,29.959999084472656,30.959999084472656,10541900.0,26.924299240112305
2012-01-04,31.209999084472656,30.6299991607666,30.81999969482422,31.030000686645508,6815300.0,26.98517608642578
2012-01-05,31.309999465942383,30.489999771118164,30.700000762939453,31.260000228881836,7248500.0,27.18519401550293
2012-01-06,31.299999237060547,30.670000076293945,31.290000915527344,30.690000534057617,6020500.0,26.68949317932129
2012-01-09,30.850000381469727,30.389999389648438,30.770000457763672,30.639999389648438,6854200.0,26.646015167236328
2012-01-10,31.3799991607666,30.93000030517578,31.239999771118164,31.079999923706055,7004900.0,27.028657913208008
2012-01-11,31.09000015258789,30.469999313354492,30.989999771118164,30.579999923706055,5782200.0,26.593835830688477
2012-01-12,30.959999084472656,30.3700008392334,30.780000686645508,30.649999618530273,10247600.0,26.654712677001953
2012-01-13,30.540000915527344,30.100000381469727,30.34000015258789,30.469999313354492,6457300.0,26.4981689453125
2012-01-17,31.079999923706055,30.6299991607666,31.040000915527344,30.940000534057617,7747500.0,26.906902313232422
2012-01-18,32.0,30.790000915527344,31.18000030517578,31.899999618530273,10433000.0,27.741764068603516
2012-01-19,32.16999816894531,31.709999084472656,31.959999084472656,31.969999313354492,5888900.0,27.802637100219727
2012-01-20,32.279998779296875,31.600000381469727,32.150001525878906,32.040000915527344,6213100.0,27.863521575927734
2012-01-23,32.40999984741211,31.850000381469727,32.15999984741211,32.22999954223633,6541200.0,28.028751373291016
2012-01-24,32.25,31.579999923706055,31.84000015258789,32.189998626708984,4973300.0,27.993959426879883
2012-01-25,32.650001525878906,31.290000915527344,31.8700008392334,32.56999969482422,6593400.0,28.324434280395508
2012-01-26,32.880001068115234,31.3700008392334,32.81999969482422,31.540000915527344,7419000.0,27.428691864013672
2012-01-27,31.579999923706055,31.149999618530273,31.459999084472656,31.239999771118164,6468600.0,27.16779899597168
2012-01-30,31.059999465942383,30.40999984741211,30.860000610351562,30.959999084472656,7756600.0,26.924299240112305
2012-01-31,31.530000686645508,30.8799991607666,31.270000457763672,31.389999389648438,11024400.0,27.29824447631836
2012-02-01,32.63999938964844,31.360000610351562,31.6299991607666,31.579999923706055,10368900.0,27.46347999572754
2012-02-02,32.18000030517578,31.1299991607666,31.559999465942383,31.43000030517578,6532000.0,27.33303451538086
2012-02-03,32.369998931884766,31.25,31.34000015258789,32.29999923706055,7722000.0,28.089622497558594
2012-02-06,32.900001525878906,32.11000061035156,32.310001373291016,32.900001525878906,6052200.0,28.61141586303711
2012-02-07,33.27000045776367,32.5099983215332,33.04999923706055,33.15999984741211,6122000.0,28.8375244140625
2012-02-08,33.5,32.45000076293945,33.2400016784668,32.689998626708984,7053100.0,28.42879295349121
2012-02-09,32.900001525878906,32.20000076293945,32.790000915527344,32.599998474121094,7468400.0,28.350526809692383
2012-02-10,33.15999984741211,32.040000915527344,32.27000045776367,33.150001525878906,9239000.0,28.828828811645508
2012-02-13,33.560001373291016,33.029998779296875,33.540000915527344,33.2400016784668,4931700.0,28.9070987701416
2012-02-14,33.20000076293945,32.599998474121094,33.150001525878906,32.970001220703125,6382600.0,28.81968879699707
2012-02-15,33.209999084472656,32.599998474121094,33.189998626708984,32.650001525878906,7292500.0,28.539966583251953
2012-02-16,33.75,32.529998779296875,32.720001220703125,33.59000015258789,6903700.0,29.361635208129883
2012-02-17,34.0,33.34000015258789,33.810001373291016,33.77000045776367,5994700.0,29.518978118896484
2012-02-21,34.790000915527344,34.130001068115234,34.22999954223633,34.560001373291016,7268600.0,30.20952606201172
2012-02-22,34.95000076293945,34.29999923706055,34.63999938964844,34.38999938964844,5355400.0,30.060932159423828
2012-02-23,34.9900016784668,33.95000076293945,34.41999816894531,34.84000015258789,5044700.0,30.454294204711914
2012-02-24,35.400001525878906,34.79999923706055,35.13999938964844,35.0099983215332,5764500.0,30.602886199951172
2012-02-27,35.220001220703125,34.619998931884766,34.970001220703125,35.029998779296875,5307200.0,30.620361328125
2012-02-28,35.4900016784668,34.93000030517578,35.029998779296875,35.060001373291016,8440500.0,30.64659881591797
2012-02-29,34.88999938964844,33.47999954223633,34.689998626708984,33.88999938964844,11242600.0,29.62387466430664
2012-03-01,34.459999084472656,33.95000076293945,34.029998779296875,34.2599983215332,5927900.0,29.947303771972656
2012-03-02,34.27000045776367,33.279998779296875,34.20000076293945,33.52000045776367,6713700.0,29.30044937133789
2012-03-05,33.540000915527344,33.060001373291016,33.400001525878906,33.459999084472656,5274800.0,29.248003005981445
2012-03-06,33.060001373291016,32.08000183105469,33.060001373291016,32.41999816894531,7060800.0,28.33891487121582
2012-03-07,33.08000183105469,32.29999923706055,32.400001525878906,32.970001220703125,6740000.0,28.81968879699707
2012-03-08,33.619998931884766,32.97999954223633,33.2599983215332,33.529998779296875,5118500.0,29.309194564819336
2012-03-09,33.95000076293945,33.2400016784668,33.61000061035156,33.34000015258789,4322100.0,29.14310646057129
2012-03-12,33.7400016784668,33.11000061035156,33.310001373291016,33.66999816894531,5199700.0,29.431562423706055
2012-03-13,34.029998779296875,33.31999969482422,33.86000061035156,33.9900016784668,4961800.0,29.711288452148438
2012-03-14,34.349998474121094,33.560001373291016,34.02000045776367,33.66999816894531,4355100.0,29.431562423706055
2012-03-15,33.81999969482422,33.349998474121094,33.720001220703125,33.650001525878906,3851000.0,29.414085388183594
2012-03-16,34.650001525878906,33.77000045776367,33.77000045776367,34.61000061035156,6979600.0,30.253238677978516
2012-03-19,34.70000076293945,34.20000076293945,34.52000045776367,34.4900016784668,4335300.0,30.14834976196289
2012-03-20,34.130001068115234,33.630001068115234,34.130001068115234,33.81999969482422,4672600.0,29.562685012817383
2012-03-21,33.75,33.150001525878906,33.72999954223633,33.2400016784668,5453300.0,29.055694580078125
2012-03-22,32.849998474121094,32.099998474121094,32.84000015258789,32.220001220703125,5982100.0,28.164100646972656
2012-03-23,32.68000030517578,32.11000061035156,32.34000015258789,32.459999084472656,5845100.0,28.373878479003906
2012-03-26,32.86000061035156,32.27000045776367,32.779998779296875,32.5099983215332,5226200.0,28.417591094970703
2012-03-27,32.810001373291016,31.989999771118164,32.650001525878906,32.040000915527344,6180200.0,28.006750106811523
2012-03-28,32.150001525878906,31.209999084472656,31.90999984741211,31.670000076293945,7330300.0,27.683330535888672
2012-03-29,31.790000915527344,31.020000457763672,31.329999923706055,31.75,4954700.0,27.753263473510742
2012-03-30,32.0,31.549999237060547,31.940000534057617,31.700000762939453,5147300.0,27.709558486938477
2012-04-02,32.439998626708984,31.350000381469727,31.610000610351562,32.22999954223633,4429600.0,28.172834396362305
2012-04-03,32.31999969482422,31.329999923706055,32.11000061035156,31.649999618530273,5418600.0,27.665851593017578
2012-04-04,31.510000228881836,30.93000030517578,31.290000915527344,30.940000534057617,7141600.0,27.04523277282715
2012-04-05,31.020000457763672,30.3700008392334,30.850000381469727,30.540000915527344,6300000.0,26.695575714111328
2012-04-09,30.489999771118164,29.850000381469727,30.049999237060547,30.139999389648438,5177900.0,26.345928192138672
2012-04-10,30.229999542236328,29.200000762939453,30.15999984741211,29.25,7334900.0,25.567960739135742
2012-04-11,29.6200008392334,29.18000030517578,29.6200008392334,29.229999542236328,6026600.0,25.550477981567383
2012-04-12,30.399999618530273,29.18000030517578,29.280000686645508,30.34000015258789,7097400.0,26.520755767822266
2012-04-13,30.260000228881836,29.510000228881836,30.209999084472656,29.700000762939453,6461100.0,25.96131706237793
2012-04-16,29.920000076293945,29.25,29.719999313354492,29.479999542236328,5067400.0,25.769006729125977
2012-04-17,30.079999923706055,29.540000915527344,29.899999618530273,29.540000915527344,5773700.0,25.82145881652832
2012-04-18,29.68000030517578,29.350000381469727,29.420000076293945,29.510000228881836,5179300.0,25.795230865478516
2012-04-19,29.829999923706055,29.270000457763672,29.6200008392334,29.40999984741211,4743700.0,25.707826614379883
2012-04-20,29.84000015258789,29.420000076293945,29.56999969482422,29.469999313354492,4287800.0,25.760271072387695
2012-04-23,29.469999313354492,28.690000534057617,28.770000457763672,29.389999389648438,6456900.0,25.69033432006836
2012-04-24,29.6299991607666,29.170000076293945,29.3700008392334,29.389999389648438,4496600.0,25.69033432006836
2012-04-25,29.780000686645508,29.079999923706055,29.6299991607666,29.290000915527344,6421500.0,25.602928161621094
2012-04-26,29.959999084472656,29.25,29.299999237060547,29.899999618530273,4492300.0,26.136138916015625
2012-04-27,29.979999542236328,29.510000228881836,29.93000030517578,29.709999084472656,4307100.0,25.97005844116211
2012-04-30,29.6200008392334,29.110000610351562,29.549999237060547,29.34000015258789,7547900.0,25.646631240844727
2012-05-01,30.540000915527344,29.360000610351562,29.520000457763672,30.190000534057617,6515000.0,26.389636993408203
2012-05-02,29.68000030517578,28.799999237060547,29.309999465942383,28.8799991607666,10968200.0,25.24454116821289
2012-05-03,28.8700008392334,27.579999923706055,28.84000015258789,27.649999618530273,10502800.0,24.16937255859375
2012-05-04,27.31999969482422,26.290000915527344,27.200000762939453,26.799999237060547,10640300.0,23.426372528076172
2012-05-07,26.899999618530273,26.280000686645508,26.59000015258789,26.31999969482422,11535600.0,23.00680160522461
2012-05-08,26.290000915527344,25.510000228881836,25.90999984741211,26.170000076293945,12392600.0,22.87567901611328
2012-05-09,26.59000015258789,25.510000228881836,25.81999969482422,26.440000534057617,10768200.0,23.11168670654297
2012-05-10,27.260000228881836,26.540000915527344,26.670000076293945,26.979999542236328,11273900.0,23.583715438842773
2012-05-11,26.829999923706055,26.09000015258789,26.700000762939453,26.18000030517578,8226900.0,22.88442039489746
2012-05-14,25.75,25.34000015258789,25.729999542236328,25.450000762939453,7692400.0,22.39171600341797
2012-05-15,25.6200008392334,24.729999542236328,25.559999465942383,24.809999465942383,7993900.0,21.828624725341797
2012-05-16,25.510000228881836,24.5,24.889999389648438,24.510000228881836,7340500.0,21.564672470092773
2012-05-17,24.719999313354492,24.110000610351562,24.520000457763672,24.15999984741211,6046800.0,21.256731033325195
2012-05-18,24.40999984741211,23.950000762939453,24.25,24.1299991607666,8389500.0,21.23033905029297
2012-05-21,24.540000915527344,24.049999237060547,24.25,24.520000457763672,9584700.0,21.57347297668457
2012-05-22,25.100000381469727,24.190000534057617,24.729999542236328,24.329999923706055,7936600.0,21.406301498413086
2012-05-23,24.59000015258789,23.8700008392334,24.049999237060547,24.520000457763672,5269300.0,21.57347297668457
2012-05-24,24.8799991607666,24.350000381469727,24.600000381469727,24.8799991607666,9374600.0,21.890201568603516
2012-05-25,25.440000534057617,24.799999237060547,24.799999237060547,25.290000915527344,8092800.0,22.25094223022461
2012-05-29,25.81999969482422,25.1299991607666,25.559999465942383,25.520000457763672,8425000.0,22.453298568725586
2012-05-30,25.09000015258789,24.43000030517578,25.079999923706055,24.860000610351562,8785900.0,21.87261390686035
2012-05-31,25.100000381469727,24.219999313354492,24.81999969482422,24.90999984741211,8369400.0,21.91660499572754
2012-06-01,24.350000381469727,23.889999389648438,24.25,23.889999389648438,9058000.0,21.019176483154297
2012-06-04,24.079999923706055,23.299999237060547,23.969999313354492,23.84000015258789,11350200.0,20.975183486938477
2012-06-05,24.229999542236328,23.739999771118164,23.739999771118164,23.989999771118164,7461600.0,21.107160568237305
2012-06-06,25.010000228881836,24.25,24.25,24.959999084472656,8701100.0,21.960599899291992
2012-06-07,25.729999542236328,24.989999771118164,25.43000030517578,25.0,9683800.0,21.995790481567383
2012-06-08,25.06999969482422,24.600000381469727,24.809999465942383,25.030000686645508,4153100.0,22.022186279296875
2012-06-11,25.450000762939453,24.389999389648438,25.31999969482422,24.420000076293945,5456500.0,21.485483169555664
2012-06-12,24.959999084472656,24.489999771118164,24.65999984741211,24.760000228881836,7616100.0,21.784635543823242
2012-06-13,25.010000228881836,24.34000015258789,24.59000015258789,24.469999313354492,5425300.0,21.529481887817383
2012-06-14,24.81999969482422,24.31999969482422,24.510000228881836,24.610000610351562,5729500.0,21.65265655517578
2012-06-15,24.889999389648438,24.610000610351562,24.780000686645508,24.8700008392334,7644400.0,21.881412506103516
2012-06-18,24.690000534057617,24.139999389648438,24.649999618530273,24.209999084472656,8292200.0,21.300722122192383
2012-06-19,24.920000076293945,24.3700008392334,24.489999771118164,24.809999465942383,6853800.0,21.828624725341797
2012-06-20,25.149999618530273,24.489999771118164,24.850000381469727,24.690000534057617,8350200.0,21.723041534423828
2012-06-21,24.799999237060547,23.290000915527344,24.75,23.31999969482422,8355200.0,20.517669677734375
2012-06-22,23.889999389648438,23.170000076293945,23.510000228881836,23.739999771118164,9713000.0,20.8872013092041
2012-06-25,23.709999084472656,23.25,23.399999618530273,23.690000534057617,7879500.0,20.84321403503418
2012-06-26,24.100000381469727,23.5,23.639999389648438,24.0,6819500.0,21.115955352783203
2012-06-27,24.520000457763672,24.040000915527344,24.219999313354492,24.399999618530273,5650100.0,21.467891693115234
2012-06-28,24.700000762939453,24.079999923706055,24.229999542236328,24.65999984741211,6450900.0,21.696643829345703
2012-06-29,25.59000015258789,25.270000457763672,25.270000457763672,25.56999969482422,8551000.0,22.49729347229004
2012-07-02,25.649999618530273,25.139999389648438,25.559999465942383,25.299999237060547,6282200.0,22.259735107421875
2012-07-03,26.049999237060547,25.440000534057617,25.440000534057617,26.010000228881836,3615100.0,22.884418487548828
2012-07-05,25.940000534057617,25.40999984741211,25.799999237060547,25.469999313354492,5244900.0,22.40931510925293
2012-07-06,25.219999313354492,24.799999237060547,25.030000686645508,24.959999084472656,4813900.0,21.960599899291992
2012-07-09,24.899999618530273,24.299999237060547,24.8799991607666,24.549999237060547,7059600.0,21.59986114501953
2012-07-10,24.829999923706055,23.93000030517578,24.65999984741211,24.09000015258789,5785400.0,21.19514274597168
2012-07-11,24.950000762939453,24.170000076293945,24.170000076293945,24.639999389648438,8095800.0,21.679052352905273
2012-07-12,24.459999084472656,24.010000228881836,24.299999237060547,24.270000457763672,7838100.0,21.353511810302734
2012-07-13,24.950000762939453,24.360000610351562,24.3799991607666,24.8700008392334,5670600.0,21.881412506103516
2012-07-16,25.65999984741211,24.850000381469727,25.040000915527344,25.579999923706055,8708300.0,22.50609588623047
2012-07-17,26.059999465942383,25.3700008392334,25.59000015258789,26.010000228881836,8750700.0,22.884418487548828
2012-07-18,26.709999084472656,25.770000457763672,25.899999618530273,26.579999923706055,9242900.0,23.385923385620117
2012-07-19,27.0,26.639999389648438,26.90999984741211,26.75,10179200.0,23.53549575805664
2012-07-20,26.690000534057617,26.31999969482422,26.489999771118164,26.540000915527344,7078800.0,23.35072898864746
2012-07-23,26.0,25.59000015258789,25.959999084472656,25.950000762939453,6510000.0,22.831634521484375
2012-07-24,26.059999465942383,25.040000915527344,25.920000076293945,25.420000076293945,5874500.0,22.365314483642578
2012-07-25,25.639999389648438,25.049999237060547,25.559999465942383,25.34000015258789,7025500.0,22.294931411743164
2012-07-26,26.360000610351562,25.770000457763672,25.770000457763672,26.299999237060547,7354900.0,23.139572143554688
2012-07-27,27.190000534057617,26.200000762939453,26.3799991607666,27.030000686645508,8175300.0,23.781850814819336
2012-07-30,27.110000610351562,26.68000030517578,26.989999771118164,26.899999618530273,4429200.0,23.667469024658203
2012-07-31,27.079999923706055,26.469999313354492,26.799999237060547,26.469999313354492,6760900.0,23.289138793945312
2012-08-01,27.040000915527344,26.010000228881836,26.790000915527344,26.520000457763672,12264800.0,23.3331356048584
2012-08-02,26.5,25.510000228881836,26.350000381469727,25.729999542236328,8623000.0,22.63806915283203
2012-08-03,26.969999313354492,26.25,26.309999465942383,26.719999313354492,7088300.0,23.50910186767578
2012-08-06,26.790000915527344,26.469999313354492,26.709999084472656,26.709999084472656,7717300.0,23.500307083129883
2012-08-07,27.530000686645508,26.899999618530273,26.950000762939453,27.399999618530273,7238600.0,24.10738754272461
2012-08-08,27.639999389648438,27.110000610351562,27.200000762939453,27.579999923706055,6503700.0,24.2657527923584
2012-08-09,27.790000915527344,27.239999771118164,27.549999237060547,27.59000015258789,5359600.0,24.274555206298828
2012-08-10,27.920000076293945,27.329999923706055,27.360000610351562,27.899999618530273,6052300.0,24.547300338745117
2012-08-13,27.950000762939453,27.399999618530273,27.920000076293945,27.549999237060547,4284900.0,24.239355087280273
2012-08-14,27.75,27.260000228881836,27.579999923706055,27.3799991607666,4695800.0,24.239355087280273
2012-08-15,27.530000686645508,27.1299991607666,27.25,27.479999542236328,4991600.0,24.327890396118164
2012-08-16,27.649999618530273,27.200000762939453,27.440000534057617,27.360000610351562,8132700.0,24.221654891967773
2012-08-17,27.440000534057617,27.0,27.299999237060547,27.100000381469727,5006800.0,23.991479873657227
2012-08-20,27.260000228881836,27.0,27.079999923706055,27.15999984741211,5129100.0,24.044597625732422
2012-08-21,27.549999237060547,26.950000762939453,27.329999923706055,27.020000457763672,6660200.0,23.920656204223633
2012-08-22,27.709999084472656,26.829999923706055,26.8799991607666,27.68000030517578,9489900.0,24.50494956970215
2012-08-23,28.040000915527344,27.559999465942383,27.65999984741211,27.700000762939453,8661100.0,24.522647857666016
2012-08-24,27.93000030517578,27.270000457763672,27.56999969482422,27.84000015258789,5726600.0,24.64659881591797
2012-08-27,28.0,27.530000686645508,27.860000610351562,27.6200008392334,5623200.0,24.451831817626953
2012-08-28,28.030000686645508,27.360000610351562,27.549999237060547,27.959999084472656,6715800.0,24.752830505371094
2012-08-29,27.989999771118164,27.510000228881836,27.959999084472656,27.670000076293945,5670400.0,24.49609375
2012-08-30,27.579999923706055,27.170000076293945,27.530000686645508,27.260000228881836,4634600.0,24.13312530517578
2012-08-31,27.950000762939453,27.360000610351562,27.5,27.81999969482422,5762100.0,24.62889289855957
2012-09-04,27.799999237060547,27.149999618530273,27.75,27.450000762939453,3880700.0,24.301328659057617
2012-09-05,27.6200008392334,27.079999923706055,27.530000686645508,27.18000030517578,4666700.0,24.062301635742188
2012-09-06,28.5,27.43000030517578,27.469999313354492,28.280000686645508,10527400.0,25.036128997802734
2012-09-07,28.6299991607666,28.299999237060547,28.34000015258789,28.610000610351562,6541600.0,25.328271865844727
2012-09-10,28.809999465942383,28.459999084472656,28.649999618530273,28.469999313354492,5914600.0,25.204330444335938
2012-09-11,29.450000762939453,28.719999313354492,28.809999465942383,29.219999313354492,7840600.0,25.868301391601562
2012-09-12,29.299999237060547,28.920000076293945,29.280000686645508,29.059999465942383,5813900.0,25.72665786743164
2012-09-13,29.889999389648438,28.829999923706055,29.1299991607666,29.850000381469727,7928200.0,26.426036834716797
2012-09-14,31.190000534057617,29.989999771118164,30.020000457763672,31.09000015258789,11525200.0,27.523807525634766
2012-09-17,31.209999084472656,30.639999389648438,31.020000457763672,30.799999237060547,8415100.0,27.26706886291504
2012-09-18,30.729999542236328,30.110000610351562,30.700000762939453,30.309999465942383,8092300.0,26.83327865600586
2012-09-19,30.899999618530273,30.059999465942383,30.889999389648438,30.399999618530273,12119600.0,26.91295051574707
2012-09-20,30.559999465942383,30.010000228881836,30.1299991607666,30.389999389648438,6283900.0,26.904094696044922
2012-09-21,30.809999465942383,30.6200008392334,30.760000228881836,30.780000686645508,8161800.0,27.249364852905273
2012-09-24,30.520000457763672,30.280000686645508,30.399999618530273,30.34000015258789,5840300.0,26.85982894897461
2012-09-25,30.6200008392334,30.020000457763672,30.520000457763672,30.030000686645508,9664700.0,26.585391998291016
2012-09-26,29.799999237060547,29.3700008392334,29.760000228881836,29.56999969482422,7634100.0,26.17815589904785
2012-09-27,30.059999465942383,29.649999618530273,29.809999465942383,30.020000457763672,5984000.0,26.576539993286133
2012-09-28,29.799999237060547,29.3700008392334,29.790000915527344,29.56999969482422,6749900.0,26.17815589904785
2012-10-01,30.06999969482422,29.6299991607666,29.709999084472656,29.850000381469727,8022400.0,26.426036834716797
2012-10-02,30.010000228881836,29.670000076293945,29.989999771118164,29.8799991607666,5511900.0,26.452594757080078
2012-10-03,30.1200008392334,29.270000457763672,29.920000076293945,29.40999984741211,4918000.0,26.03650665283203
2012-10-04,30.020000457763672,29.520000457763672,29.6299991607666,29.84000015258789,7599200.0,26.41718292236328
2012-10-05,30.030000686645508,29.450000762939453,29.959999084472656,29.540000915527344,5320700.0,26.151601791381836
2012-10-08,29.65999984741211,29.25,29.34000015258789,29.600000381469727,3706100.0,26.204713821411133
2012-10-09,29.889999389648438,29.5,29.65999984741211,29.600000381469727,6955100.0,26.204713821411133
2012-10-10,29.84000015258789,29.299999237060547,29.510000228881836,29.559999465942383,7178600.0,26.16929817199707
2012-10-11,29.93000030517578,29.299999237060547,29.809999465942383,29.299999237060547,6259500.0,25.939125061035156
2012-10-12,29.530000686645508,29.15999984741211,29.360000610351562,29.3799991607666,4633400.0,26.00994873046875
2012-10-15,29.950000762939453,29.1200008392334,29.15999984741211,29.8700008392334,6589500.0,26.443744659423828
2012-10-16,30.670000076293945,29.940000534057617,30.09000015258789,30.639999389648438,5959500.0,27.12542152404785
2012-10-17,31.389999389648438,30.68000030517578,30.84000015258789,31.329999923706055,6527500.0,27.73627471923828
2012-10-18,31.59000015258789,31.06999969482422,31.06999969482422,31.229999542236328,8884900.0,27.647737503051758
2012-10-19,31.309999465942383,30.530000686645508,31.139999389648438,30.59000015258789,6051800.0,27.081151962280273
2012-10-22,30.600000381469727,29.65999984741211,30.459999084472656,30.09000015258789,6093200.0,26.638511657714844
2012-10-23,29.670000076293945,28.6299991607666,29.360000610351562,29.559999465942383,12233000.0,26.16929817199707
2012-10-24,30.389999389648438,29.479999542236328,29.90999984741211,29.860000610351562,9209400.0,26.434886932373047
2012-10-25,30.299999237060547,29.850000381469727,30.15999984741211,30.200000762939453,4818100.0,26.735889434814453
2012-10-26,30.34000015258789,29.799999237060547,30.06999969482422,29.90999984741211,3500800.0,26.479154586791992
2012-10-31,30.25,29.860000610351562,30.020000457763672,30.059999465942383,3899800.0,26.61194610595703
2012-11-01,30.399999618530273,30.049999237060547,30.059999465942383,30.3700008392334,4293400.0,26.886390686035156
2012-11-02,30.59000015258789,29.81999969482422,30.25,29.950000762939453,4909200.0,26.514570236206055
2012-11-05,30.600000381469727,29.229999542236328,29.510000228881836,30.510000228881836,6560500.0,27.010334014892578
2012-11-06,31.809999465942383,30.510000228881836,30.65999984741211,31.209999084472656,11304500.0,27.630035400390625
2012-11-07,31.389999389648438,29.920000076293945,31.1200008392334,29.959999084472656,12033100.0,26.52342414855957
2012-11-08,30.200000762939453,29.700000762939453,30.100000381469727,29.860000610351562,9158300.0,26.434886932373047
2012-11-09,30.639999389648438,29.709999084472656,29.889999389648438,30.440000534057617,9850300.0,26.948360443115234
2012-11-12,30.579999923706055,30.200000762939453,30.459999084472656,30.229999542236328,5584200.0,26.762447357177734
2012-11-13,30.489999771118164,29.829999923706055,29.950000762939453,30.15999984741211,6680600.0,26.700483322143555
2012-11-14,30.40999984741211,29.979999542236328,30.15999984741211,30.049999237060547,8373200.0,26.603097915649414
2012-11-15,30.729999542236328,29.959999084472656,30.020000457763672,30.530000686645508,10562400.0,27.028039932250977
2012-11-16,30.920000076293945,30.18000030517578,30.549999237060547,30.860000610351562,10504500.0,27.320186614990234
2012-11-19,31.559999465942383,31.09000015258789,31.100000381469727,31.1299991607666,11473000.0,27.711870193481445
2012-11-20,31.520000457763672,30.81999969482422,31.1299991607666,31.5,7900400.0,28.041244506835938
2012-11-21,31.670000076293945,31.3799991607666,31.610000610351562,31.5,4021000.0,28.041244506835938
2012-11-23,31.93000030517578,31.639999389648438,31.65999984741211,31.93000030517578,2364700.0,28.424028396606445
2012-11-26,31.690000534057617,30.959999084472656,31.489999771118164,31.0,8155900.0,27.596141815185547
2012-11-27,31.149999618530273,30.719999313354492,30.899999618530273,31.040000915527344,9302800.0,27.631757736206055
2012-11-28,31.1299991607666,30.399999618530273,30.75,31.06999969482422,5777900.0,27.65845489501953
2012-11-29,31.450000762939453,30.59000015258789,31.25,30.690000534057617,6336800.0,27.3201847076416
2012-11-30,30.979999542236328,30.6200008392334,30.770000457763672,30.850000381469727,4655500.0,27.462617874145508
2012-12-03,31.190000534057617,30.719999313354492,31.040000915527344,30.799999237060547,6106700.0,27.418107986450195
2012-12-04,30.770000457763672,30.030000686645508,30.610000610351562,30.040000915527344,7191800.0,26.741552352905273
2012-12-05,30.770000457763672,30.010000228881836,30.020000457763672,30.469999313354492,5525400.0,27.124340057373047
2012-12-06,30.729999542236328,30.200000762939453,30.40999984741211,30.719999313354492,4378500.0,27.346887588500977
2012-12-07,30.969999313354492,30.549999237060547,30.899999618530273,30.920000076293945,3649500.0,27.524927139282227
2012-12-10,30.959999084472656,29.729999542236328,30.920000076293945,30.360000610351562,12293600.0,27.026416778564453
2012-12-11,30.510000228881836,30.1299991607666,30.469999313354492,30.219999313354492,6737000.0,26.90178871154785
2012-12-12,30.790000915527344,30.1299991607666,30.389999389648438,30.510000228881836,7072800.0,27.159948348999023
2012-12-13,30.489999771118164,30.110000610351562,30.479999542236328,30.190000534057617,4412900.0,26.875083923339844
2012-12-14,30.899999618530273,30.3799991607666,30.600000381469727,30.81999969482422,4604700.0,27.4359073638916
2012-12-17,30.989999771118164,30.559999465942383,30.860000610351562,30.700000762939453,5525500.0,27.32908821105957
2012-12-18,31.34000015258789,30.600000381469727,30.68000030517578,31.280000686645508,6184500.0,27.84540557861328
2012-12-19,31.559999465942383,31.100000381469727,31.200000762939453,31.229999542236328,3692600.0,27.800886154174805
2012-12-20,31.469999313354492,31.1200008392334,31.229999542236328,31.459999084472656,3620000.0,28.00563621520996
2012-12-21,31.270000457763672,30.790000915527344,31.049999237060547,31.049999237060547,5595600.0,27.640655517578125
2012-12-24,31.0,30.56999969482422,30.920000076293945,30.690000534057617,1720400.0,27.3201847076416
2012-12-26,31.0,30.399999618530273,30.860000610351562,30.469999313354492,2847800.0,27.124340057373047
2012-12-27,30.510000228881836,29.8799991607666,30.450000762939453,30.31999969482422,3537900.0,26.99081039428711
2012-12-28,30.079999923706055,29.75,30.049999237060547,29.809999465942383,3434100.0,26.536806106567383
2012-12-31,30.690000534057617,29.600000381469727,29.690000534057617,30.65999984741211,5021900.0,27.29347801208496
2013-01-02,31.649999618530273,31.030000686645508,31.43000030517578,31.649999618530273,5297800.0,28.174776077270508
2013-01-03,31.93000030517578,31.3700008392334,31.559999465942383,31.59000015258789,3656200.0,28.121362686157227
2013-01-04,32.0099983215332,31.520000457763672,31.520000457763672,32.0099983215332,3450400.0,28.495241165161133
2013-01-07,32.099998474121094,31.639999389648438,31.809999465942383,31.850000381469727,4781000.0,28.35281753540039
2013-01-08,32.0,31.5,31.770000457763672,31.940000534057617,3447900.0,28.43293571472168
2013-01-09,32.06999969482422,31.479999542236328,32.0,31.649999618530273,3178100.0,28.174776077270508
2013-01-10,32.38999938964844,31.850000381469727,31.8700008392334,32.279998779296875,4423900.0,28.735595703125
2013-01-11,32.459999084472656,31.889999389648438,32.290000915527344,32.150001525878906,3337200.0,28.619876861572266
2013-01-14,32.2599983215332,31.809999465942383,32.099998474121094,32.060001373291016,3304000.0,28.539756774902344
2013-01-15,32.060001373291016,31.600000381469727,31.81999969482422,31.93000030517578,4484800.0,28.424028396606445
2013-01-16,32.380001068115234,31.56999969482422,31.850000381469727,32.31999969482422,5637400.0,28.771209716796875
2013-01-17,33.36000061035156,32.41999816894531,32.52000045776367,33.15999984741211,7178500.0,29.518978118896484
2013-01-18,33.33000183105469,32.70000076293945,32.939998626708984,33.08000183105469,5106900.0,29.4477596282959
2013-01-22,33.54999923706055,32.79999923706055,33.099998474121094,33.540000915527344,5088700.0,29.85725212097168
2013-01-23,33.77000045776367,33.33000183105469,33.459999084472656,33.65999984741211,4656600.0,29.96407127380371
2013-01-24,34.25,33.65999984741211,33.72999954223633,33.77000045776367,5171600.0,30.06199073791504
2013-01-25,34.04999923706055,33.59000015258789,33.88999938964844,33.779998779296875,4061200.0,30.070899963378906
2013-01-28,33.959999084472656,33.189998626708984,33.959999084472656,33.52000045776367,3983800.0,29.83944320678711
2013-01-29,34.0,33.380001068115234,33.58000183105469,33.93000030517578,4309100.0,30.20442008972168
2013-01-30,34.20000076293945,33.470001220703125,33.970001220703125,33.54999923706055,4464800.0,29.866151809692383
2013-01-31,33.790000915527344,33.119998931884766,33.40999984741211,33.61000061035156,4848800.0,29.919565200805664
2013-02-01,34.2400016784668,33.61000061035156,33.88999938964844,34.209999084472656,5309500.0,30.453685760498047
2013-02-04,34.2599983215332,33.75,33.970001220703125,34.16999816894531,4646900.0,30.418073654174805
2013-02-05,34.720001220703125,34.209999084472656,34.33000183105469,34.720001220703125,7007700.0,30.90768051147461
2013-02-06,34.45000076293945,33.75,33.880001068115234,34.400001525878906,9432600.0,30.622821807861328
2013-02-07,34.4900016784668,33.47999954223633,34.20000076293945,34.0,4926800.0,30.266735076904297
2013-02-08,34.529998779296875,34.040000915527344,34.11000061035156,34.529998779296875,5659800.0,30.738548278808594
2013-02-11,34.72999954223633,34.16999816894531,34.56999969482422,34.310001373291016,4660000.0,30.54270362854004
2013-02-12,34.68000030517578,34.16999816894531,34.369998931884766,34.61000061035156,5129800.0,30.809768676757812
2013-02-13,35.0,34.65999984741211,34.66999816894531,34.959999084472656,5093200.0,31.1213321685791
2013-02-14,35.41999816894531,34.779998779296875,34.849998474121094,35.34000015258789,5101600.0,31.4596004486084
2013-02-15,35.369998931884766,34.16999816894531,35.220001220703125,34.65999984741211,7522800.0,31.00341033935547
2013-02-19,35.86000061035156,34.93000030517578,34.97999954223633,35.709999084472656,8169400.0,31.9426326751709
2013-02-20,35.720001220703125,34.540000915527344,35.66999816894531,34.56999969482422,5735100.0,30.922908782958984
2013-02-21,34.560001373291016,33.90999984741211,34.459999084472656,34.380001068115234,7724900.0,30.75294303894043
2013-02-22,34.869998931884766,34.150001525878906,34.5099983215332,34.709999084472656,5303100.0,31.048133850097656
2013-02-25,34.959999084472656,32.939998626708984,34.939998626708984,32.939998626708984,8732100.0,29.464866638183594
2013-02-26,33.16999816894531,32.20000076293945,33.060001373291016,32.86000061035156,7125800.0,29.393312454223633
2013-02-27,33.54999923706055,32.79999923706055,32.84000015258789,33.41999816894531,4463200.0,29.89423179626465
2013-02-28,33.91999816894531,33.369998931884766,33.470001220703125,33.5,4417100.0,29.965782165527344
2013-03-01,33.33000183105469,32.58000183105469,33.29999923706055,32.88999938964844,6030100.0,29.420143127441406
2013-03-04,32.790000915527344,32.150001525878906,32.75,32.369998931884766,5221400.0,28.955001831054688
2013-03-05,32.7599983215332,32.09000015258789,32.459999084472656,32.540000915527344,5021300.0,29.107067108154297
2013-03-06,32.880001068115234,32.5,32.7400016784668,32.75,3847200.0,29.294906616210938
2013-03-07,33.439998626708984,32.720001220703125,32.849998474121094,33.34000015258789,5377900.0,29.82266616821289
2013-03-08,33.7599983215332,33.40999984741211,33.61000061035156,33.5099983215332,5065200.0,29.974727630615234
2013-03-11,33.81999969482422,33.18000030517578,33.349998474121094,33.720001220703125,3193000.0,30.16257667541504
2013-03-12,34.150001525878906,33.560001373291016,33.709999084472656,34.06999969482422,3688700.0,30.475648880004883
2013-03-13,34.41999816894531,33.9900016784668,34.060001373291016,34.369998931884766,3746800.0,30.744009017944336
2013-03-14,34.849998474121094,34.45000076293945,34.4900016784668,34.7599983215332,3866300.0,31.09285545349121
2013-03-15,35.25,34.58000183105469,34.61000061035156,35.06999969482422,5770100.0,31.370159149169922
2013-03-18,35.27000045776367,34.4900016784668,34.619998931884766,34.97999954223633,4470000.0,31.289649963378906
2013-03-19,35.02000045776367,33.709999084472656,34.869998931884766,33.959999084472656,7438000.0,30.37725067138672
2013-03-20,34.720001220703125,34.119998931884766,34.45000076293945,34.599998474121094,5669400.0,30.949739456176758
2013-03-21,34.65999984741211,34.150001525878906,34.43000030517578,34.150001525878906,3847000.0,30.547212600708008
2013-03-22,34.439998626708984,34.04999923706055,34.33000183105469,34.15999984741211,3475700.0,30.556161880493164
2013-03-25,34.43000030517578,33.56999969482422,34.369998931884766,33.720001220703125,5087000.0,30.16257667541504
2013-03-26,34.22999954223633,33.880001068115234,33.959999084472656,34.06999969482422,3598900.0,30.475648880004883
2013-03-27,34.099998474121094,33.5,33.93000030517578,34.0099983215332,3431400.0,30.421985626220703
2013-03-28,34.15999984741211,33.650001525878906,33.959999084472656,33.720001220703125,4425500.0,30.16257667541504
2013-04-01,33.900001525878906,33.380001068115234,33.81999969482422,33.599998474121094,2652200.0,30.055238723754883
2013-04-02,33.900001525878906,33.41999816894531,33.63999938964844,33.56999969482422,3475100.0,30.02840232849121
2013-04-03,33.95000076293945,33.06999969482422,33.869998931884766,33.189998626708984,5922700.0,29.688491821289062
2013-04-04,33.150001525878906,32.41999816894531,33.11000061035156,32.689998626708984,5019200.0,29.241239547729492
2013-04-05,32.689998626708984,31.84000015258789,32.099998474121094,32.47999954223633,4739600.0,29.05339813232422
2013-04-08,32.939998626708984,32.41999816894531,32.5,32.84000015258789,3224800.0,29.375411987304688
2013-04-09,33.599998474121094,32.810001373291016,32.970001220703125,33.470001220703125,3180200.0,29.93895721435547
2013-04-10,33.9900016784668,33.47999954223633,33.540000915527344,33.90999984741211,4784800.0,30.33253288269043
2013-04-11,34.119998931884766,33.7400016784668,33.97999954223633,33.79999923706055,4023000.0,30.23414421081543
2013-04-12,33.56999969482422,32.25,33.5,32.540000915527344,6103000.0,29.107067108154297
2013-04-15,32.099998474121094,30.6200008392334,32.099998474121094,30.6200008392334,7584800.0,27.38962745666504
2013-04-16,31.329999923706055,30.530000686645508,31.100000381469727,31.059999465942383,5592600.0,27.783201217651367
2013-04-17,30.760000228881836,29.700000762939453,30.709999084472656,29.989999771118164,6266100.0,26.82608985900879
2013-04-18,30.540000915527344,29.739999771118164,30.170000076293945,30.110000610351562,5149800.0,26.933429718017578
2013-04-19,30.420000076293945,29.700000762939453,30.190000534057617,29.850000381469727,5002000.0,26.700857162475586
2013-04-22,30.540000915527344,29.469999313354492,29.8700008392334,30.399999618530273,5114800.0,27.192832946777344
2013-04-23,30.940000534057617,30.209999084472656,30.5,30.690000534057617,6127800.0,27.452239990234375
2013-04-24,31.469999313354492,30.760000228881836,30.809999465942383,31.3700008392334,5492200.0,28.060504913330078
2013-04-25,32.47999954223633,31.350000381469727,31.510000228881836,31.8700008392334,6809700.0,28.507753372192383
2013-04-26,32.02000045776367,31.329999923706055,31.809999465942383,31.719999313354492,4694900.0,28.373571395874023
2013-04-29,32.63999938964844,31.860000610351562,32.2599983215332,32.599998474121094,4865300.0,29.16073989868164
2013-04-30,32.779998779296875,32.290000915527344,32.560001373291016,32.66999816894531,4788400.0,29.223350524902344
2013-05-01,32.310001373291016,31.780000686645508,32.29999923706055,31.889999389648438,5256900.0,28.5256404876709
2013-05-02,32.54999923706055,31.809999465942383,31.969999313354492,32.459999084472656,4213500.0,29.035507202148438
2013-05-03,33.599998474121094,32.75,32.7599983215332,33.529998779296875,6622100.0,29.992624282836914
2013-05-06,33.83000183105469,33.18000030517578,33.470001220703125,33.58000183105469,4711200.0,30.037351608276367
2013-05-07,34.36000061035156,33.65999984741211,33.959999084472656,34.33000183105469,6090900.0,30.708221435546875
2013-05-08,34.959999084472656,34.099998474121094,34.68000030517578,34.720001220703125,7150300.0,31.057077407836914
2013-05-09,35.0,34.04999923706055,34.72999954223633,34.779998779296875,5648000.0,31.110754013061523
2013-05-10,34.650001525878906,33.939998626708984,34.650001525878906,34.349998474121094,5640000.0,30.726112365722656
2013-05-13,34.560001373291016,34.099998474121094,34.189998626708984,34.459999084472656,5412900.0,30.82451057434082
2013-05-14,35.43000030517578,34.349998474121094,34.349998474121094,35.380001068115234,5887100.0,31.804340362548828
2013-05-15,35.189998626708984,34.459999084472656,35.189998626708984,35.0,4831600.0,31.462753295898438
2013-05-16,35.470001220703125,34.849998474121094,34.900001525878906,35.150001525878906,5597100.0,31.597593307495117
2013-05-17,36.2400016784668,35.29999923706055,35.310001373291016,36.150001525878906,5202200.0,32.49653244018555
2013-05-20,36.68000030517578,36.08000183105469,36.11000061035156,36.380001068115234,5169600.0,32.703285217285156
2013-05-21,36.619998931884766,35.869998931884766,36.34000015258789,36.09000015258789,4558700.0,32.442604064941406
2013-05-22,36.459999084472656,35.130001068115234,36.029998779296875,35.38999938964844,6154800.0,31.813335418701172
2013-05-23,35.40999984741211,34.61000061035156,34.86000061035156,35.22999954223633,5937800.0,31.669504165649414
2013-05-24,35.15999984741211,34.65999984741211,34.86000061035156,35.150001525878906,3220200.0,31.597593307495117
2013-05-28,35.77000045776367,35.20000076293945,35.630001068115234,35.47999954223633,3764200.0,31.894237518310547
2013-05-29,35.63999938964844,35.02000045776367,35.22999954223633,35.459999084472656,3819800.0,31.876253128051758
2013-05-30,35.439998626708984,34.95000076293945,35.380001068115234,35.150001525878906,5438900.0,31.597593307495117
2013-05-31,35.20000076293945,34.38999938964844,35.040000915527344,34.38999938964844,4498400.0,30.914403915405273
2013-06-03,35.47999954223633,34.4900016784668,34.61000061035156,35.459999084472656,5385600.0,31.876253128051758
2013-06-04,35.5,34.58000183105469,35.34000015258789,34.939998626708984,5578300.0,31.408811569213867
2013-06-05,34.90999984741211,34.029998779296875,34.880001068115234,34.04999923706055,4579500.0,30.608762741088867
2013-06-06,34.630001068115234,33.84000015258789,34.13999938964844,34.630001068115234,3286000.0,31.13015365600586
2013-06-07,35.22999954223633,34.54999923706055,34.849998474121094,34.72999954223633,3967000.0,31.22003936767578
2013-06-10,35.119998931884766,34.599998474121094,35.08000183105469,34.709999084472656,4468100.0,31.202062606811523
2013-06-11,34.459999084472656,33.90999984741211,34.22999954223633,34.029998779296875,2389000.0,30.590784072875977
2013-06-12,34.43000030517578,33.36000061035156,34.43000030517578,33.400001525878906,4696700.0,30.024457931518555
2013-06-13,34.5,33.349998474121094,33.380001068115234,34.369998931884766,5526300.0,30.896427154541016
2013-06-14,34.56999969482422,34.060001373291016,34.290000915527344,34.380001068115234,3994800.0,30.905414581298828
2013-06-17,35.220001220703125,34.58000183105469,34.709999084472656,34.9900016784668,4741200.0,31.453760147094727
2013-06-18,36.16999816894531,35.0,35.119998931884766,36.04999923706055,7573200.0,32.40664291381836
2013-06-19,36.470001220703125,35.66999816894531,36.0,35.66999816894531,5436900.0,32.065040588378906
2013-06-20,35.2599983215332,34.150001525878906,35.16999816894531,34.290000915527344,5948700.0,30.82451057434082
2013-06-21,34.66999816894531,33.810001373291016,34.5,34.27000045776367,7452100.0,30.80652618408203
2013-06-24,34.20000076293945,33.150001525878906,33.779998779296875,33.709999084472656,6642300.0,30.30312728881836
2013-06-25,35.06999969482422,34.119998931884766,34.2400016784668,35.0099983215332,6889600.0,31.47174072265625
2013-06-26,35.7599983215332,34.97999954223633,35.27000045776367,35.36000061035156,5464400.0,31.786367416381836
2013-06-27,35.79999923706055,34.91999816894531,35.56999969482422,35.119998931884766,5077900.0,31.57062530517578
2013-06-28,35.310001373291016,34.560001373291016,35.0,34.58000183105469,4406800.0,31.085205078125
2013-07-01,35.45000076293945,34.689998626708984,34.709999084472656,34.83000183105469,4231600.0,31.309938430786133
2013-07-02,35.310001373291016,34.4900016784668,34.810001373291016,34.599998474121094,4433800.0,31.10317611694336
2013-07-03,35.31999969482422,34.400001525878906,34.56999969482422,35.16999816894531,2569200.0,31.615564346313477
2013-07-05,35.63999938964844,35.119998931884766,35.279998779296875,35.619998931884766,2586400.0,32.02008819580078
2013-07-08,36.34000015258789,35.75,35.790000915527344,35.83000183105469,3930100.0,32.208866119384766
2013-07-09,36.45000076293945,35.93000030517578,36.119998931884766,36.369998931884766,3859400.0,32.694297790527344
2013-07-10,36.52000045776367,35.95000076293945,36.40999984741211,36.2400016784668,3433800.0,32.57743453979492
2013-07-11,36.90999984741211,36.33000183105469,36.790000915527344,36.619998931884766,2831300.0,32.91902160644531
2013-07-12,36.849998474121094,36.36000061035156,36.560001373291016,36.84000015258789,3726500.0,33.11679458618164
2013-07-15,36.84000015258789,36.45000076293945,36.810001373291016,36.56999969482422,3711100.0,32.87408447265625
2013-07-16,36.70000076293945,35.91999816894531,36.599998474121094,36.189998626708984,3873500.0,32.53248977661133
2013-07-17,36.70000076293945,36.40999984741211,36.5,36.54999923706055,2495400.0,32.85610580444336
2013-07-18,36.9900016784668,36.599998474121094,36.65999984741211,36.75,3671100.0,33.03589630126953
2013-07-19,37.5,36.79999923706055,36.939998626708984,37.47999954223633,4283200.0,33.692108154296875
2013-07-22,37.720001220703125,37.18000030517578,37.529998779296875,37.22999954223633,2546400.0,33.46738052368164
2013-07-23,37.77000045776367,37.189998626708984,37.290000915527344,37.72999954223633,3996300.0,33.916839599609375
2013-07-24,37.56999969482422,36.540000915527344,37.5099983215332,36.810001373291016,4086200.0,33.08982467651367
2013-07-25,37.209999084472656,36.52000045776367,36.68000030517578,36.79999923706055,3609700.0,33.08083724975586
2013-07-26,36.7599983215332,36.25,36.58000183105469,36.40999984741211,3435300.0,32.730247497558594
2013-07-29,36.400001525878906,35.77000045776367,36.310001373291016,36.18000030517578,2973400.0,32.523494720458984
2013-07-30,36.38999938964844,35.619998931884766,36.25,36.279998779296875,4256200.0,32.613399505615234
2013-07-31,36.75,36.2599983215332,36.439998626708984,36.36000061035156,3553300.0,32.68531036376953
2013-08-01,37.59000015258789,36.7599983215332,36.7599983215332,37.52000045776367,3923800.0,33.72806930541992
2013-08-02,37.59000015258789,37.06999969482422,37.290000915527344,37.560001373291016,2934800.0,33.76403045654297
2013-08-05,37.869998931884766,37.400001525878906,37.5099983215332,37.83000183105469,3470500.0,34.006752014160156
2013-08-06,37.849998474121094,36.59000015258789,37.75,36.880001068115234,5606800.0,33.15275573730469
2013-08-07,35.599998474121094,33.65999984741211,34.220001220703125,35.130001068115234,10446100.0,31.579618453979492
2013-08-08,35.369998931884766,34.43000030517578,35.29999923706055,34.66999816894531,7464400.0,31.166101455688477
2013-08-09,34.79999923706055,33.90999984741211,33.970001220703125,34.54999923706055,9488700.0,31.058229446411133
2013-08-12,34.79999923706055,34.0099983215332,34.189998626708984,34.650001525878906,6153800.0,31.148128509521484
2013-08-13,34.709999084472656,34.130001068115234,34.70000076293945,34.36000061035156,8564000.0,30.887432098388672
2013-08-14,34.7599983215332,34.34000015258789,34.34000015258789,34.599998474121094,5423500.0,31.10317611694336
2013-08-15,34.84000015258789,34.15999984741211,34.41999816894531,34.650001525878906,4428600.0,31.148128509521484
2013-08-16,34.63999938964844,34.119998931884766,34.459999084472656,34.2599983215332,5118200.0,30.797536849975586
2013-08-19,34.0,32.56999969482422,34.0,32.61000061035156,8567400.0,29.47777557373047
2013-08-20,33.59000015258789,32.540000915527344,32.650001525878906,33.25,5812300.0,30.056304931640625
2013-08-21,33.2400016784668,32.72999954223633,33.150001525878906,32.79999923706055,4853600.0,29.64952850341797
2013-08-22,33.70000076293945,33.20000076293945,33.41999816894531,33.470001220703125,4987700.0,30.255170822143555
2013-08-23,33.61000061035156,33.18000030517578,33.459999084472656,33.380001068115234,4325000.0,30.173818588256836
2013-08-26,33.54999923706055,33.150001525878906,33.40999984741211,33.31999969482422,3570300.0,30.11958122253418
2013-08-27,33.75,32.83000183105469,32.83000183105469,33.380001068115234,6813100.0,30.173818588256836
2013-08-28,34.880001068115234,33.560001373291016,33.59000015258789,34.599998474121094,7136400.0,31.27663230895996
2013-08-29,34.88999938964844,34.349998474121094,34.47999954223633,34.540000915527344,6002100.0,31.222396850585938
2013-08-30,34.75,34.29999923706055,34.630001068115234,34.43000030517578,6070200.0,31.122966766357422
2013-09-03,35.25,34.77000045776367,34.86000061035156,35.16999816894531,5976000.0,31.79187774658203
2013-09-04,35.81999969482422,35.150001525878906,35.20000076293945,35.5,7033500.0,32.09019088745117
2013-09-05,36.119998931884766,35.529998779296875,35.599998474121094,35.88999938964844,6788400.0,32.44272994995117
2013-09-06,36.13999938964844,35.380001068115234,35.97999954223633,35.689998626708984,8676600.0,32.261940002441406
2013-09-09,36.400001525878906,35.84000015258789,35.86000061035156,36.2400016784668,6572200.0,32.75911331176758
2013-09-10,36.470001220703125,35.4900016784668,36.470001220703125,35.77000045776367,10855900.0,32.334251403808594
2013-09-11,36.630001068115234,35.7599983215332,35.77000045776367,36.4900016784668,6645800.0,32.985103607177734
2013-09-12,36.66999816894531,35.91999816894531,36.43000030517578,35.97999954223633,6046900.0,32.524078369140625
2013-09-13,36.349998474121094,35.4900016784668,36.16999816894531,35.56999969482422,5156200.0,32.15345764160156
2013-09-16,35.959999084472656,35.34000015258789,35.880001068115234,35.459999084472656,5071000.0,32.054019927978516
2013-09-17,36.04999923706055,35.40999984741211,35.45000076293945,35.93000030517578,4702000.0,32.4788818359375
2013-09-18,36.41999816894531,35.58000183105469,35.90999984741211,36.400001525878906,7006600.0,32.90373992919922
2013-09-19,36.5,36.040000915527344,36.439998626708984,36.41999816894531,5611400.0,32.92181396484375
2013-09-20,36.529998779296875,35.77000045776367,36.5099983215332,35.900001525878906,7792200.0,32.45176696777344
2013-09-23,35.79999923706055,35.439998626708984,35.650001525878906,35.54999923706055,4038500.0,32.1353874206543
2013-09-24,35.79999923706055,35.34000015258789,35.61000061035156,35.56999969482422,5140700.0,32.15345764160156
2013-09-25,35.7400016784668,35.43000030517578,35.650001525878906,35.459999084472656,5683300.0,32.054019927978516
2013-09-26,35.790000915527344,34.91999816894531,35.779998779296875,35.279998779296875,4004900.0,31.891319274902344
2013-09-27,35.15999984741211,34.63999938964844,34.83000183105469,34.900001525878906,3614000.0,31.54782485961914
2013-09-30,35.189998626708984,34.470001220703125,34.77000045776367,34.880001068115234,5396400.0,31.529747009277344
2013-10-01,35.290000915527344,34.81999969482422,34.95000076293945,35.040000915527344,5352500.0,31.674365997314453
2013-10-02,34.88999938964844,34.2599983215332,34.83000183105469,34.599998474121094,6529400.0,31.27663230895996
2013-10-03,34.52000045776367,33.9900016784668,34.439998626708984,34.060001373291016,5904400.0,30.78849983215332
2013-10-04,34.93000030517578,33.93000030517578,34.0,34.790000915527344,6948400.0,31.448389053344727
2013-10-07,35.189998626708984,34.209999084472656,34.369998931884766,34.720001220703125,5566400.0,31.385108947753906
2013-10-08,34.77000045776367,34.15999984741211,34.61000061035156,34.15999984741211,3562200.0,30.878890991210938
2013-10-09,34.380001068115234,33.81999969482422,34.119998931884766,34.209999084472656,3705100.0,30.92409896850586
2013-10-10,35.09000015258789,34.45000076293945,34.540000915527344,35.060001373291016,3585500.0,31.692453384399414
2013-10-11,35.25,34.70000076293945,34.880001068115234,34.86000061035156,4119900.0,31.511661529541016
2013-10-14,34.9900016784668,34.40999984741211,34.58000183105469,34.83000183105469,4712300.0,31.484546661376953
2013-10-15,35.02000045776367,34.4900016784668,34.779998779296875,34.709999084472656,3728800.0,31.376070022583008
2013-10-16,35.369998931884766,34.650001525878906,35.04999923706055,34.869998931884766,4653600.0,31.52070426940918
2013-10-17,34.91999816894531,34.439998626708984,34.7400016784668,34.900001525878906,5141700.0,31.54782485961914
2013-10-18,35.36000061035156,34.959999084472656,35.22999954223633,35.279998779296875,5680700.0,31.891319274902344
2013-10-21,35.400001525878906,34.7400016784668,35.09000015258789,35.0099983215332,4596000.0,31.64725112915039
2013-10-22,35.650001525878906,35.029998779296875,35.130001068115234,35.33000183105469,7375700.0,31.9365177154541
2013-10-23,35.13999938964844,34.470001220703125,35.119998931884766,34.849998474121094,4512700.0,31.502626419067383
2013-10-24,35.689998626708984,34.70000076293945,34.84000015258789,35.599998474121094,4363200.0,32.18057632446289
2013-10-25,35.7400016784668,35.25,35.65999984741211,35.59000015258789,4074800.0,32.17153549194336
2013-10-28,36.220001220703125,35.459999084472656,35.630001068115234,36.06999969482422,5993900.0,32.605438232421875
2013-10-29,36.369998931884766,35.779998779296875,36.13999938964844,35.9900016784668,4356400.0,32.53312301635742
2013-10-30,36.25,35.34000015258789,36.0,35.7599983215332,3656500.0,32.3252067565918
2013-10-31,35.79999923706055,35.11000061035156,35.79999923706055,35.2599983215332,4233000.0,31.873231887817383
2013-11-01,35.45000076293945,34.900001525878906,35.34000015258789,35.27000045776367,6002000.0,31.882278442382812
2013-11-04,35.560001373291016,34.959999084472656,35.36000061035156,35.5,6889600.0,32.09019088745117
2013-11-05,36.34000015258789,35.38999938964844,35.560001373291016,35.66999816894531,7771900.0,32.24386215209961
2013-11-06,36.540000915527344,35.95000076293945,35.95000076293945,36.45000076293945,7714000.0,32.948936462402344
2013-11-07,36.65999984741211,35.52000045776367,36.52000045776367,35.72999954223633,8826400.0,32.298099517822266
2013-11-08,36.41999816894531,35.75,35.75,36.38999938964844,5570400.0,32.89470672607422
2013-11-11,36.56999969482422,36.15999984741211,36.45000076293945,36.290000915527344,3278400.0,32.80431365966797
2013-11-12,36.31999969482422,35.70000076293945,36.060001373291016,35.81999969482422,5102200.0,32.379451751708984
2013-11-13,36.15999984741211,35.529998779296875,35.58000183105469,36.150001525878906,4378100.0,32.677757263183594
2013-11-14,36.529998779296875,36.04999923706055,36.189998626708984,36.43000030517578,4325200.0,32.93085479736328
2013-11-15,36.75,36.29999923706055,36.52000045776367,36.72999954223633,3929600.0,33.20205307006836
2013-11-18,37.150001525878906,36.15999984741211,36.15999984741211,36.5099983215332,6730800.0,33.17478561401367
2013-11-19,37.13999938964844,36.27000045776367,36.529998779296875,36.93000030517578,6106500.0,33.55642318725586
2013-11-20,37.540000915527344,37.08000183105469,37.189998626708984,37.2599983215332,5608500.0,33.85627365112305
2013-11-21,38.18000030517578,37.20000076293945,37.209999084472656,37.93000030517578,5761600.0,34.46506881713867
2013-11-22,38.09000015258789,37.41999816894531,38.04999923706055,37.61000061035156,4534900.0,34.174293518066406
2013-11-25,37.54999923706055,36.560001373291016,37.54999923706055,36.95000076293945,4905800.0,33.5745964050293
2013-11-26,37.22999954223633,36.779998779296875,37.02000045776367,36.779998779296875,4725300.0,33.420127868652344
2013-11-27,36.91999816894531,36.119998931884766,36.689998626708984,36.22999954223633,5136100.0,32.92035675048828
2013-11-29,36.689998626708984,36.02000045776367,36.25,36.040000915527344,2570000.0,32.747718811035156
2013-12-02,37.0,35.869998931884766,36.02000045776367,36.459999084472656,4867700.0,33.129356384277344
2013-12-03,36.529998779296875,36.099998474121094,36.40999984741211,36.220001220703125,5150500.0,32.91127395629883
2013-12-04,36.95000076293945,36.08000183105469,36.2400016784668,36.7400016784668,5978900.0,33.3837776184082
2013-12-05,36.72999954223633,36.0099983215332,36.68000030517578,36.310001373291016,6858800.0,32.99306106567383
2013-12-06,36.81999969482422,36.29999923706055,36.650001525878906,36.560001373291016,6198500.0,33.2202262878418
2013-12-09,36.77000045776367,35.9900016784668,36.54999923706055,36.40999984741211,5827100.0,33.08392333984375
2013-12-10,36.47999954223633,35.86000061035156,36.400001525878906,36.099998474121094,5759400.0,32.802242279052734
2013-12-11,36.470001220703125,35.47999954223633,36.470001220703125,35.689998626708984,9421400.0,32.429691314697266
2013-12-12,36.369998931884766,35.61000061035156,35.650001525878906,36.18000030517578,6731300.0,32.87493896484375
2013-12-13,36.2400016784668,35.7400016784668,36.150001525878906,35.79999923706055,5182500.0,32.52964401245117
2013-12-16,36.06999969482422,35.459999084472656,35.84000015258789,35.59000015258789,5292100.0,32.338829040527344
2013-12-17,35.56999969482422,34.83000183105469,35.52000045776367,34.849998474121094,6098200.0,31.66642189025879
2013-12-18,35.0099983215332,34.16999816894531,35.0099983215332,34.720001220703125,10090300.0,31.548311233520508
2013-12-19,35.0,34.41999816894531,34.470001220703125,34.90999984741211,8160900.0,31.720949172973633
2013-12-20,35.47999954223633,34.900001525878906,35.02000045776367,35.15999984741211,9070400.0,31.948102951049805
2013-12-23,35.59000015258789,35.150001525878906,35.36000061035156,35.18000030517578,3503100.0,31.96627426147461
2013-12-24,35.290000915527344,35.099998474121094,35.150001525878906,35.25,1806400.0,32.029884338378906
2013-12-26,35.36000061035156,35.16999816894531,35.34000015258789,35.279998779296875,1974000.0,32.05714797973633
2013-12-27,35.65999984741211,35.16999816894531,35.36000061035156,35.630001068115234,2558700.0,32.375179290771484
2013-12-30,35.77000045776367,34.97999954223633,35.70000076293945,35.20000076293945,3403700.0,31.98445701599121
2013-12-31,35.470001220703125,35.040000915527344,35.279998779296875,35.29999923706055,3072000.0,32.0753173828125
2014-01-02,35.33000183105469,34.720001220703125,35.25,34.90999984741211,3675600.0,31.720949172973633
2014-01-03,35.040000915527344,34.43000030517578,34.849998474121094,34.52000045776367,3491800.0,31.3665771484375
2014-01-06,34.779998779296875,34.400001525878906,34.619998931884766,34.43000030517578,4318400.0,31.284793853759766
2014-01-07,34.88999938964844,34.27000045776367,34.45000076293945,34.880001068115234,3868600.0,31.69369888305664
2014-01-08,34.75,34.08000183105469,34.720001220703125,34.400001525878906,5510000.0,31.25753402709961
2014-01-09,34.93000030517578,34.18000030517578,34.38999938964844,34.5,4373200.0,31.348403930664062
2014-01-10,34.68000030517578,34.27000045776367,34.540000915527344,34.63999938964844,5967000.0,31.475608825683594
2014-01-13,34.7400016784668,34.02000045776367,34.66999816894531,34.11000061035156,4569800.0,30.994035720825195
2014-01-14,34.599998474121094,34.0,34.189998626708984,34.560001373291016,5981600.0,31.40292739868164
2014-01-15,34.70000076293945,34.0,34.560001373291016,34.0099983215332,6921000.0,30.90316390991211
2014-01-16,34.29999923706055,33.97999954223633,34.0099983215332,34.16999816894531,3725200.0,31.048551559448242
2014-01-17,34.400001525878906,33.95000076293945,34.34000015258789,33.959999084472656,3687400.0,30.857730865478516
2014-01-21,34.400001525878906,33.91999816894531,34.33000183105469,34.279998779296875,3846600.0,31.148502349853516
2014-01-22,34.4900016784668,34.13999938964844,34.36000061035156,34.400001525878906,4198800.0,31.25753402709961
2014-01-23,34.36000061035156,33.650001525878906,34.060001373291016,33.709999084472656,4603600.0,30.630569458007812
2014-01-24,33.529998779296875,32.970001220703125,33.5099983215332,33.0,4768300.0,29.985429763793945
2014-01-27,33.15999984741211,32.650001525878906,33.0,32.91999816894531,3429200.0,29.91273307800293
2014-01-28,33.439998626708984,32.939998626708984,32.970001220703125,33.36000061035156,3856900.0,30.312538146972656
2014-01-29,33.38999938964844,32.93000030517578,33.15999984741211,33.040000915527344,4636100.0,30.021778106689453
2014-01-30,33.36000061035156,32.91999816894531,33.18000030517578,33.040000915527344,2969400.0,30.021778106689453
2014-01-31,32.880001068115234,32.400001525878906,32.68000030517578,32.790000915527344,6707400.0,29.794614791870117
2014-02-03,32.849998474121094,31.969999313354492,32.779998779296875,32.060001373291016,8983000.0,29.131301879882812
2014-02-04,32.40999984741211,31.8799991607666,32.22999954223633,32.34000015258789,10932900.0,29.38571548461914
2014-02-05,32.41999816894531,31.59000015258789,32.349998474121094,32.099998474121094,6534500.0,29.167644500732422
2014-02-06,32.95000076293945,31.56999969482422,31.68000030517578,31.809999465942383,9408400.0,28.904138565063477
2014-02-07,32.83000183105469,31.68000030517578,31.899999618530273,32.599998474121094,8184400.0,29.621965408325195
2014-02-10,32.4900016784668,32.04999923706055,32.4900016784668,32.27000045776367,5862600.0,29.322114944458008
2014-02-11,32.900001525878906,32.29999923706055,32.349998474121094,32.70000076293945,6140400.0,29.712831497192383
2014-02-12,33.349998474121094,32.849998474121094,32.95000076293945,33.290000915527344,5202500.0,30.248943328857422
2014-02-13,33.41999816894531,32.720001220703125,33.02000045776367,33.27000045776367,6755900.0,30.23076629638672
2014-02-14,33.43000030517578,32.869998931884766,33.029998779296875,33.220001220703125,6096300.0,30.35871124267578
2014-02-18,33.599998474121094,33.11000061035156,33.279998779296875,33.540000915527344,7382400.0,30.651140213012695
2014-02-19,34.04999923706055,33.29999923706055,33.380001068115234,33.34000015258789,6136800.0,30.468366622924805
2014-02-20,33.70000076293945,33.27000045776367,33.34000015258789,33.47999954223633,4224700.0,30.5963077545166
2014-02-21,33.58000183105469,33.2400016784668,33.58000183105469,33.2599983215332,7255100.0,30.395259857177734
2014-02-24,34.33000183105469,33.47999954223633,33.4900016784668,33.88999938964844,6829800.0,30.970989227294922
2014-02-25,34.16999816894531,33.75,33.93000030517578,34.029998779296875,5386100.0,31.09894371032715
2014-02-26,34.040000915527344,33.65999984741211,33.95000076293945,33.77000045776367,4772900.0,30.861328125
2014-02-27,33.79999923706055,33.04999923706055,33.22999954223633,33.31999969482422,6219500.0,30.450092315673828
2014-02-28,33.79999923706055,33.22999954223633,33.400001525878906,33.5,8611300.0,30.614587783813477
2014-03-03,33.970001220703125,33.25,33.380001068115234,33.540000915527344,5809600.0,30.651140213012695
2014-03-04,34.099998474121094,33.52000045776367,33.7599983215332,33.869998931884766,5218700.0,30.952716827392578
2014-03-05,34.0,33.540000915527344,33.88999938964844,33.61000061035156,4804300.0,30.71511459350586
2014-03-06,34.189998626708984,33.56999969482422,33.709999084472656,33.81999969482422,7479100.0,30.907028198242188
2014-03-07,34.31999969482422,33.900001525878906,34.040000915527344,34.2400016784668,5256700.0,31.290857315063477
2014-03-10,34.31999969482422,34.0,34.150001525878906,34.29999923706055,4341800.0,31.345680236816406
2014-03-11,34.400001525878906,33.630001068115234,34.34000015258789,33.93000030517578,4647800.0,31.007553100585938
2014-03-12,33.720001220703125,33.290000915527344,33.65999984741211,33.459999084472656,4875600.0,30.57802963256836
2014-03-13,33.61000061035156,32.7599983215332,33.54999923706055,32.869998931884766,6292300.0,30.038848876953125
2014-03-14,33.099998474121094,32.619998931884766,32.709999084472656,33.08000183105469,7438900.0,30.23076629638672
2014-03-17,33.380001068115234,32.970001220703125,33.08000183105469,33.18000030517578,3528400.0,30.322153091430664
2014-03-18,33.7400016784668,33.130001068115234,33.2400016784668,33.650001525878906,5949900.0,30.751667022705078
2014-03-19,33.810001373291016,33.189998626708984,33.66999816894531,33.290000915527344,5181400.0,30.422683715820312
2014-03-20,33.849998474121094,33.119998931884766,33.34000015258789,33.81999969482422,4839800.0,30.907028198242188
2014-03-21,34.56999969482422,33.900001525878906,34.06999969482422,34.38999938964844,9344400.0,31.427932739257812
2014-03-24,34.7599983215332,34.099998474121094,34.34000015258789,34.22999954223633,8145000.0,31.281709671020508
2014-03-25,34.619998931884766,34.15999984741211,34.31999969482422,34.56999969482422,4765800.0,31.592422485351562
2014-03-26,34.900001525878906,34.40999984741211,34.689998626708984,34.5,5780400.0,31.528457641601562
2014-03-27,34.83000183105469,34.36000061035156,34.5,34.4900016784668,5558800.0,31.519319534301758
2014-03-28,35.2599983215332,34.59000015258789,34.65999984741211,35.220001220703125,6256600.0,32.18643569946289
2014-03-31,35.63999938964844,35.279998779296875,35.34000015258789,35.52000045776367,6897700.0,32.460609436035156
2014-04-01,35.720001220703125,35.18000030517578,35.720001220703125,35.41999816894531,4455200.0,32.36921310424805
2014-04-02,35.630001068115234,35.279998779296875,35.33000183105469,35.380001068115234,4943800.0,32.33266067504883
2014-04-03,35.810001373291016,35.400001525878906,35.529998779296875,35.709999084472656,4356300.0,32.634239196777344
2014-04-04,35.9900016784668,35.439998626708984,35.900001525878906,35.59000015258789,5549500.0,32.52457046508789
2014-04-07,35.40999984741211,34.79999923706055,35.40999984741211,34.900001525878906,6872300.0,31.89400863647461
2014-04-08,35.34000015258789,34.790000915527344,34.90999984741211,35.27000045776367,8045000.0,32.23212814331055
2014-04-09,35.650001525878906,35.0,35.369998931884766,35.470001220703125,6265900.0,32.41490936279297
2014-04-10,35.66999816894531,35.2599983215332,35.5099983215332,35.400001525878906,5292100.0,32.3509407043457
2014-04-11,35.540000915527344,34.91999816894531,35.2599983215332,35.06999969482422,5452800.0,32.04936218261719
2014-04-14,35.63999938964844,35.189998626708984,35.40999984741211,35.540000915527344,6407400.0,32.4788703918457
2014-04-15,35.97999954223633,35.41999816894531,35.540000915527344,35.900001525878906,5315800.0,32.80786895751953
2014-04-16,36.470001220703125,35.91999816894531,36.099998474121094,36.470001220703125,6610900.0,33.328773498535156
2014-04-17,36.849998474121094,36.47999954223633,36.5,36.72999954223633,8062200.0,33.56638717651367
2014-04-21,36.93000030517578,36.380001068115234,36.810001373291016,36.56999969482422,5731900.0,33.420166015625
2014-04-22,36.61000061035156,36.099998474121094,36.459999084472656,36.369998931884766,6090000.0,33.23738479614258
2014-04-23,36.720001220703125,36.36000061035156,36.38999938964844,36.470001220703125,8145200.0,33.328773498535156
2014-04-24,36.630001068115234,36.34000015258789,36.59000015258789,36.380001068115234,10106500.0,33.246524810791016
2014-04-25,36.459999084472656,35.959999084472656,36.380001068115234,36.08000183105469,6559500.0,32.97236633300781
2014-04-28,36.310001373291016,35.90999984741211,36.2400016784668,36.209999084472656,6816900.0,33.0911750793457
2014-04-29,36.9900016784668,36.470001220703125,36.470001220703125,36.900001525878906,7797500.0,33.72174072265625
2014-04-30,36.7400016784668,36.150001525878906,36.7400016784668,36.150001525878906,6852900.0,33.03634262084961
2014-05-01,36.369998931884766,35.97999954223633,36.22999954223633,36.31999969482422,6837400.0,33.19170379638672
2014-05-02,36.70000076293945,36.2400016784668,36.290000915527344,36.540000915527344,6211300.0,33.392757415771484
2014-05-05,36.70000076293945,36.2599983215332,36.459999084472656,36.45000076293945,5214200.0,33.31050109863281
2014-05-06,36.560001373291016,36.130001068115234,36.45000076293945,36.189998626708984,5705100.0,33.0728874206543
2014-05-07,36.34000015258789,35.36000061035156,36.25,35.52000045776367,11844500.0,32.460609436035156
2014-05-08,35.79999923706055,35.4900016784668,35.65999984741211,35.70000076293945,7721000.0,32.62510299682617
2014-05-09,35.95000076293945,35.540000915527344,35.72999954223633,35.90999984741211,7180400.0,32.81700897216797
2014-05-12,36.45000076293945,36.08000183105469,36.13999938964844,36.29999923706055,7649500.0,33.17341995239258
2014-05-13,36.61000061035156,36.310001373291016,36.5,36.47999954223633,6559100.0,33.3379020690918
2014-05-14,36.720001220703125,36.470001220703125,36.619998931884766,36.58000183105469,5260900.0,33.42930603027344
2014-05-15,36.529998779296875,35.91999816894531,36.529998779296875,36.220001220703125,5648500.0,33.100311279296875
2014-05-16,36.2599983215332,35.56999969482422,36.2599983215332,35.849998474121094,5915200.0,32.76218032836914
2014-05-19,35.93000030517578,35.54999923706055,35.54999923706055,35.630001068115234,4871900.0,32.73462677001953
2014-05-20,35.66999816894531,35.349998474121094,35.630001068115234,35.400001525878906,3379500.0,32.5233154296875
2014-05-21,36.029998779296875,35.529998779296875,35.529998779296875,35.95000076293945,5478400.0,33.02861404418945
2014-05-22,36.5,35.869998931884766,35.95000076293945,36.18000030517578,5510500.0,33.23992156982422
2014-05-23,36.38999938964844,36.09000015258789,36.189998626708984,36.279998779296875,5206400.0,33.33179473876953
2014-05-27,36.41999816894531,36.18000030517578,36.310001373291016,36.290000915527344,5957400.0,33.34098815917969
2014-05-28,36.77000045776367,36.31999969482422,36.40999984741211,36.54999923706055,5857600.0,33.579856872558594
2014-05-29,36.70000076293945,36.310001373291016,36.650001525878906,36.65999984741211,3820800.0,33.68091583251953
2014-05-30,36.779998779296875,36.439998626708984,36.630001068115234,36.65999984741211,5429900.0,33.68091583251953
2014-06-02,37.09000015258789,36.279998779296875,36.75,36.439998626708984,6976500.0,33.478790283203125
2014-06-03,36.880001068115234,36.279998779296875,36.40999984741211,36.810001373291016,8083400.0,33.8187370300293
2014-06-04,36.90999984741211,36.61000061035156,36.720001220703125,36.65999984741211,3926400.0,33.68091583251953
2014-06-05,37.099998474121094,36.5099983215332,36.65999984741211,37.06999969482422,6834800.0,34.05759811401367
2014-06-06,37.4900016784668,37.119998931884766,37.13999938964844,37.310001373291016,5614200.0,34.278099060058594
2014-06-09,37.900001525878906,37.349998474121094,37.400001525878906,37.84000015258789,5247200.0,34.76502227783203
2014-06-10,38.209999084472656,37.84000015258789,37.939998626708984,38.16999816894531,5736100.0,35.068214416503906
2014-06-11,38.540000915527344,37.91999816894531,38.119998931884766,38.47999954223633,6418600.0,35.35301208496094
2014-06-12,39.349998474121094,38.58000183105469,38.70000076293945,39.150001525878906,10009900.0,35.96857833862305
2014-06-13,39.13999938964844,38.599998474121094,39.11000061035156,39.08000183105469,8456100.0,35.904258728027344
2014-06-16,39.22999954223633,38.93000030517578,39.220001220703125,39.0099983215332,4442900.0,35.839942932128906
2014-06-17,38.900001525878906,38.58000183105469,38.869998931884766,38.880001068115234,4357000.0,35.72050857543945
2014-06-18,39.18000030517578,38.630001068115234,38.869998931884766,38.939998626708984,5618200.0,35.775638580322266
2014-06-19,39.29999923706055,38.84000015258789,38.97999954223633,39.29999923706055,5660600.0,36.10637283325195
2014-06-20,39.849998474121094,39.33000183105469,39.5,39.720001220703125,10682600.0,36.49224853515625
2014-06-23,40.220001220703125,39.7400016784668,39.810001373291016,40.15999984741211,5480800.0,36.89649200439453
2014-06-24,40.06999969482422,38.939998626708984,39.9900016784668,39.029998779296875,5523200.0,35.85832595825195
2014-06-25,39.81999969482422,38.9900016784668,38.9900016784668,39.709999084472656,9327800.0,36.483070373535156
2014-06-26,39.790000915527344,39.279998779296875,39.720001220703125,39.630001068115234,5189900.0,36.4095573425293
2014-06-27,39.65999984741211,39.20000076293945,39.5,39.439998626708984,7591900.0,36.23500442504883
2014-06-30,39.939998626708984,39.400001525878906,39.54999923706055,39.91999816894531,5466300.0,36.676002502441406
2014-07-01,40.290000915527344,39.7400016784668,40.04999923706055,39.7599983215332,7024800.0,36.528995513916016
2014-07-02,39.84000015258789,39.4900016784668,39.72999954223633,39.619998931884766,5629700.0,36.40038299560547
2014-07-03,40.33000183105469,39.83000183105469,39.869998931884766,40.31999969482422,3335200.0,37.04349136352539
2014-07-07,40.119998931884766,39.56999969482422,40.029998779296875,39.56999969482422,10597900.0,36.354434967041016
2014-07-08,39.72999954223633,39.2400016784668,39.56999969482422,39.439998626708984,6111900.0,36.23500442504883
2014-07-09,39.65999984741211,39.27000045776367,39.43000030517578,39.56999969482422,3662100.0,36.354434967041016
2014-07-10,39.65999984741211,39.02000045776367,39.209999084472656,39.38999938964844,5851600.0,36.18907165527344
2014-07-11,39.459999084472656,39.099998474121094,39.31999969482422,39.13999938964844,3122900.0,35.959381103515625
2014-07-14,39.810001373291016,39.369998931884766,39.43000030517578,39.689998626708984,3465700.0,36.46469497680664
2014-07-15,39.709999084472656,39.2400016784668,39.54999923706055,39.310001373291016,4357500.0,36.11557388305664
2014-07-16,40.27000045776367,39.63999938964844,39.63999938964844,40.27000045776367,6068100.0,36.99756622314453
2014-07-17,40.380001068115234,39.5,40.02000045776367,39.52000045776367,3800300.0,36.308509826660156
2014-07-18,39.939998626708984,39.5,39.630001068115234,39.79999923706055,3914000.0,36.56574630737305
2014-07-21,39.81999969482422,39.36000061035156,39.650001525878906,39.77000045776367,2985800.0,36.53819274902344
2014-07-22,40.27000045776367,39.81999969482422,39.849998474121094,40.20000076293945,4599900.0,36.93324661254883
2014-07-23,40.70000076293945,40.209999084472656,40.25,40.47999954223633,4696600.0,37.19049072265625
2014-07-24,40.7400016784668,40.38999938964844,40.41999816894531,40.709999084472656,4734800.0,37.401798248291016
2014-07-25,40.59000015258789,40.099998474121094,40.40999984741211,40.5099983215332,2977800.0,37.218055725097656
2014-07-28,40.540000915527344,40.06999969482422,40.45000076293945,40.22999954223633,4174900.0,36.960819244384766
2014-07-29,40.2599983215332,39.939998626708984,40.13999938964844,39.939998626708984,3815700.0,36.69437789916992
2014-07-30,40.400001525878906,39.4900016784668,40.27000045776367,39.65999984741211,4195600.0,36.4371337890625
2014-07-31,39.4900016784668,38.720001220703125,39.36000061035156,38.75,5268700.0,35.601078033447266
2014-08-01,38.970001220703125,38.040000915527344,38.70000076293945,38.61000061035156,6148700.0,35.47245407104492
2014-08-04,39.400001525878906,38.43000030517578,38.77000045776367,39.220001220703125,5702600.0,36.03288269042969
2014-08-05,40.04999923706055,38.189998626708984,39.65999984741211,38.459999084472656,6897000.0,35.33464050292969
2014-08-06,39.5,38.349998474121094,38.470001220703125,38.93000030517578,7246700.0,35.76645278930664
2014-08-07,38.75,37.900001525878906,38.40999984741211,38.09000015258789,7312400.0,34.99471664428711
2014-08-08,39.119998931884766,38.02000045776367,38.15999984741211,39.08000183105469,6961400.0,35.904258728027344
2014-08-11,39.47999954223633,39.0099983215332,39.22999954223633,39.11000061035156,3969300.0,35.931819915771484
2014-08-12,39.33000183105469,38.79999923706055,39.060001373291016,39.040000915527344,5558600.0,35.86751174926758
2014-08-13,39.45000076293945,38.959999084472656,39.13999938964844,39.150001525878906,3859900.0,35.96857833862305
2014-08-14,39.43000030517578,38.970001220703125,39.34000015258789,39.0,6960200.0,35.83076858520508
2014-08-15,39.2400016784668,38.869998931884766,39.099998474121094,39.02000045776367,10380000.0,35.84913635253906
2014-08-18,39.09000015258789,38.630001068115234,39.0,38.93000030517578,4707700.0,35.959983825683594
2014-08-19,39.75,38.93000030517578,39.040000915527344,39.72999954223633,5256600.0,36.698951721191406
2014-08-20,39.939998626708984,39.470001220703125,39.650001525878906,39.91999816894531,3804600.0,36.874454498291016
2014-08-21,40.290000915527344,39.779998779296875,40.0,40.290000915527344,4275800.0,37.21623229980469
2014-08-22,40.13999938964844,39.70000076293945,39.97999954223633,40.0,4185900.0,36.94834899902344
2014-08-25,40.41999816894531,39.93000030517578,40.08000183105469,40.369998931884766,3155300.0,37.29011917114258
2014-08-26,40.84000015258789,40.47999954223633,40.47999954223633,40.66999816894531,5001300.0,37.56723403930664
2014-08-27,40.97999954223633,40.5099983215332,40.68000030517578,40.88999938964844,4595800.0,37.770450592041016
2014-08-28,40.970001220703125,40.59000015258789,40.70000076293945,40.90999984741211,4447500.0,37.7889289855957
2014-08-29,41.7400016784668,40.869998931884766,40.900001525878906,41.689998626708984,7047100.0,38.50941467285156
2014-09-02,41.75,40.709999084472656,41.70000076293945,41.02000045776367,5390700.0,37.890525817871094
2014-09-03,41.91999816894531,41.27000045776367,41.34000015258789,41.279998779296875,6811100.0,38.13069152832031
2014-09-04,41.52000045776367,40.33000183105469,41.220001220703125,40.529998779296875,8240000.0,37.43790817260742
2014-09-05,40.91999816894531,40.310001373291016,40.619998931884766,40.90999984741211,3921200.0,37.7889289855957
2014-09-08,40.7400016784668,39.869998931884766,40.7400016784668,40.209999084472656,5041100.0,37.1423225402832
2014-09-09,40.59000015258789,39.81999969482422,40.38999938964844,40.060001373291016,4968100.0,37.00377655029297
2014-09-10,40.08000183105469,39.34000015258789,39.88999938964844,40.02000045776367,6324000.0,36.966819763183594
2014-09-11,40.16999816894531,39.45000076293945,39.630001068115234,40.02000045776367,4483900.0,36.966819763183594
2014-09-12,40.0099983215332,39.470001220703125,39.869998931884766,39.58000183105469,3888500.0,36.560394287109375
2014-09-15,40.02000045776367,39.25,39.5,39.83000183105469,3216800.0,36.79132080078125
2014-09-16,40.470001220703125,39.779998779296875,39.849998474121094,40.119998931884766,5516400.0,37.0591926574707
2014-09-17,40.650001525878906,40.119998931884766,40.310001373291016,40.33000183105469,4852500.0,37.253177642822266
2014-09-18,40.5,39.31999969482422,40.40999984741211,39.31999969482422,7756800.0,36.320228576660156
2014-09-19,39.83000183105469,39.150001525878906,39.47999954223633,39.22999954223633,6923000.0,36.23708724975586
2014-09-22,39.189998626708984,38.43000030517578,39.09000015258789,38.709999084472656,4311500.0,35.75676727294922
2014-09-23,38.900001525878906,38.31999969482422,38.65999984741211,38.40999984741211,4039500.0,35.479652404785156
2014-09-24,38.93000030517578,37.880001068115234,38.33000183105469,38.689998626708984,4364600.0,35.73828887939453
2014-09-25,38.720001220703125,38.119998931884766,38.720001220703125,38.130001068115234,3901800.0,35.22101593017578
2014-09-26,38.77000045776367,37.939998626708984,38.09000015258789,38.540000915527344,3348400.0,35.59973907470703
2014-09-29,38.720001220703125,37.90999984741211,38.06999969482422,38.599998474121094,3938300.0,35.655155181884766
2014-09-30,38.59000015258789,37.310001373291016,38.5099983215332,37.59000015258789,6082100.0,34.722206115722656
2014-10-01,38.040000915527344,36.959999084472656,37.59000015258789,37.130001068115234,5984100.0,34.29730987548828
2014-10-02,37.08000183105469,35.95000076293945,36.84000015258789,36.900001525878906,5336400.0,34.0848503112793
2014-10-03,37.0,36.31999969482422,36.959999084472656,36.650001525878906,4385400.0,33.85392379760742
2014-10-06,36.959999084472656,36.380001068115234,36.75,36.630001068115234,5473700.0,33.83544921875
2014-10-07,36.630001068115234,35.84000015258789,36.41999816894531,35.84000015258789,4464200.0,33.105716705322266
2014-10-08,36.189998626708984,35.11000061035156,35.810001373291016,36.15999984741211,5906300.0,33.40129852294922
2014-10-09,36.0099983215332,34.65999984741211,35.90999984741211,34.709999084472656,6450400.0,32.06193161010742
2014-10-10,34.9900016784668,33.97999954223633,34.75,34.22999954223633,7416400.0,31.618549346923828
2014-10-13,34.59000015258789,32.90999984741211,34.279998779296875,32.91999816894531,8138700.0,30.40848731994629
2014-10-14,33.56999969482422,32.400001525878906,33.099998474121094,32.54999923706055,9099600.0,30.06671714782715
2014-10-15,32.779998779296875,31.350000381469727,31.940000534057617,32.72999954223633,10577800.0,30.232988357543945
2014-10-16,33.88999938964844,31.940000534057617,32.54999923706055,33.5,12782100.0,30.944246292114258
2014-10-17,34.4900016784668,33.65999984741211,33.95000076293945,33.93000030517578,9648000.0,31.341440200805664
2014-10-20,34.45000076293945,33.61000061035156,33.79999923706055,34.2599983215332,5146600.0,31.646257400512695
2014-10-21,34.9900016784668,34.31999969482422,34.54999923706055,34.880001068115234,5679900.0,32.21896743774414
2014-10-22,35.16999816894531,34.02000045776367,34.970001220703125,34.029998779296875,7197100.0,31.433813095092773
2014-10-23,35.099998474121094,34.349998474121094,34.45000076293945,34.72999954223633,6567000.0,32.08041000366211
2014-10-24,34.720001220703125,34.130001068115234,34.630001068115234,34.5,3704000.0,31.867950439453125
2014-10-27,33.93000030517578,32.9900016784668,33.900001525878906,33.0,8299900.0,30.482393264770508
2014-10-28,34.31999969482422,33.189998626708984,33.349998474121094,34.27000045776367,7575800.0,31.65549659729004
2014-10-29,34.86000061035156,34.060001373291016,34.560001373291016,34.380001068115234,4793300.0,31.757110595703125
2014-10-30,34.36000061035156,33.88999938964844,34.22999954223633,34.11000061035156,4738900.0,31.507705688476562
2014-10-31,35.5,33.66999816894531,34.20000076293945,35.400001525878906,8286400.0,32.69929504394531
2014-11-03,35.779998779296875,34.45000076293945,35.560001373291016,34.56999969482422,8408100.0,31.93260955810547
2014-11-04,34.2599983215332,32.880001068115234,34.09000015258789,33.36000061035156,9431800.0,30.81492805480957
2014-11-05,34.369998931884766,33.41999816894531,33.61000061035156,33.56999969482422,8342300.0,31.0089054107666
2014-11-06,34.349998474121094,33.209999084472656,33.599998474121094,34.34000015258789,8648000.0,31.720157623291016
2014-11-07,35.02000045776367,34.27000045776367,34.470001220703125,34.38999938964844,9862900.0,31.766345977783203
2014-11-10,34.970001220703125,33.099998474121094,34.65999984741211,33.25,12915600.0,30.713319778442383
2014-11-11,33.61000061035156,32.900001525878906,33.380001068115234,33.130001068115234,6345600.0,30.60247230529785
2014-11-12,33.36000061035156,32.58000183105469,32.9900016784668,32.650001525878906,7131600.0,30.159090042114258
2014-11-13,32.619998931884766,31.610000610351562,32.619998931884766,31.950000762939453,8212900.0,29.512495040893555
2014-11-14,32.5099983215332,31.889999389648438,32.06999969482422,32.36000061035156,6098700.0,29.89121437072754
2014-11-17,32.16999816894531,31.520000457763672,31.889999389648438,31.81999969482422,6130000.0,29.58440399169922
2014-11-18,32.2400016784668,31.68000030517578,31.729999542236328,32.060001373291016,5513100.0,29.807538986206055
2014-11-19,32.939998626708984,31.899999618530273,32.06999969482422,32.77000045776367,7552500.0,30.467662811279297
2014-11-20,33.38999938964844,32.7400016784668,32.810001373291016,33.279998779296875,5940100.0,30.94182586669922
2014-11-21,34.15999984741211,33.56999969482422,33.90999984741211,33.83000183105469,7244000.0,31.453187942504883
2014-11-24,33.88999938964844,33.36000061035156,33.66999816894531,33.56999969482422,5734700.0,31.211450576782227
2014-11-25,33.7400016784668,32.880001068115234,33.59000015258789,33.11000061035156,6013800.0,30.78377342224121
2014-11-26,33.15999984741211,32.47999954223633,33.09000015258789,32.5,5356600.0,30.216623306274414
2014-11-28,30.81999969482422,28.549999237060547,30.809999465942383,28.920000076293945,8542600.0,26.888145446777344
2014-12-01,29.040000915527344,28.219999313354492,28.520000457763672,28.989999771118164,11985700.0,26.953224182128906
2014-12-02,30.1299991607666,28.739999771118164,28.899999618530273,29.729999542236328,13241400.0,27.6412410736084
2014-12-03,31.010000228881836,29.81999969482422,30.100000381469727,30.530000686645508,9051500.0,28.385034561157227
2014-12-04,30.299999237060547,29.809999465942383,30.239999771118164,29.84000015258789,8876400.0,27.743507385253906
2014-12-05,29.8700008392334,29.1200008392334,29.770000457763672,29.229999542236328,8508900.0,27.176366806030273
2014-12-08,29.170000076293945,27.15999984741211,28.969999313354492,27.25,12535100.0,25.335477828979492
2014-12-09,27.969999313354492,27.049999237060547,27.149999618530273,27.780000686645508,11294800.0,25.8282413482666
2014-12-10,27.18000030517578,26.31999969482422,27.139999389648438,26.43000030517578,10365000.0,24.573089599609375
2014-12-11,26.950000762939453,26.149999618530273,26.450000762939453,26.25,8571300.0,24.40573501586914
2014-12-12,26.329999923706055,25.299999237060547,25.739999771118164,25.450000762939453,11410700.0,23.661945343017578
2014-12-15,25.8799991607666,24.649999618530273,25.790000915527344,24.799999237060547,9969600.0,23.057607650756836
2014-12-16,26.020000457763672,24.280000686645508,24.389999389648438,25.309999465942383,13011400.0,23.531776428222656
2014-12-17,27.170000076293945,25.280000686645508,25.40999984741211,26.670000076293945,15846500.0,24.79623031616211
2014-12-18,28.489999771118164,26.809999465942383,28.459999084472656,27.559999465942383,19714300.0,25.623699188232422
2014-12-19,28.350000381469727,27.260000228881836,27.760000228881836,28.229999542236328,17719400.0,26.246627807617188
2014-12-22,28.700000762939453,27.850000381469727,28.18000030517578,28.270000457763672,10711300.0,26.2838134765625
2014-12-23,28.799999237060547,28.229999542236328,28.520000457763672,28.700000762939453,8044000.0,26.683605194091797
2014-12-24,28.59000015258789,27.920000076293945,28.5,28.360000610351562,3238000.0,26.36749267578125
2014-12-26,28.670000076293945,28.1299991607666,28.530000686645508,28.260000228881836,3280700.0,26.274520874023438
2014-12-29,28.950000762939453,28.360000610351562,28.5,28.579999923706055,4900400.0,26.572038650512695
2014-12-30,28.709999084472656,28.079999923706055,28.309999465942383,28.420000076293945,4477400.0,26.423280715942383
2014-12-31,28.799999237060547,27.940000534057617,28.149999618530273,28.290000915527344,6082700.0,26.302410125732422
2015-01-02,28.799999237060547,27.850000381469727,28.059999465942383,28.600000381469727,5279400.0,26.590627670288086
2015-01-05,28.040000915527344,26.90999984741211,28.040000915527344,27.270000457763672,7905100.0,25.354074478149414
2015-01-06,27.8700008392334,26.469999313354492,27.1299991607666,26.860000610351562,11316400.0,24.97287940979004
2015-01-07,27.68000030517578,26.899999618530273,27.309999465942383,27.190000534057617,7213700.0,25.279695510864258
2015-01-08,27.760000228881836,27.1200008392334,27.6299991607666,27.739999771118164,11658200.0,25.791051864624023
2015-01-09,27.899999618530273,27.3700008392334,27.760000228881836,27.649999618530273,9600500.0,25.707374572753906
2015-01-12,27.190000534057617,26.100000381469727,27.139999389648438,26.239999771118164,8148100.0,24.396438598632812
2015-01-13,26.709999084472656,25.670000076293945,26.290000915527344,25.889999389648438,10820400.0,24.071029663085938
2015-01-14,26.020000457763672,24.809999465942383,25.530000686645508,25.959999084472656,10407600.0,24.1361083984375
2015-01-15,26.610000610351562,25.450000762939453,26.540000915527344,25.469999313354492,6165000.0,23.680538177490234
2015-01-16,26.690000534057617,25.639999389648438,25.709999084472656,26.600000381469727,7354200.0,24.731149673461914
2015-01-20,26.3700008392334,25.65999984741211,26.239999771118164,25.940000534057617,7264400.0,24.11751937866211
2015-01-21,26.790000915527344,26.09000015258789,26.260000228881836,26.59000015258789,6111900.0,24.72184944152832
2015-01-22,26.940000534057617,26.200000762939453,26.90999984741211,26.829999923706055,6521300.0,24.944990158081055
2015-01-23,27.239999771118164,26.510000228881836,26.770000457763672,26.520000457763672,6269000.0,24.65677261352539
2015-01-26,27.3799991607666,26.290000915527344,26.530000686645508,27.270000457763672,5068000.0,25.354074478149414
2015-01-27,27.06999969482422,26.40999984741211,26.799999237060547,26.969999313354492,6458500.0,25.075145721435547
2015-01-28,26.889999389648438,25.469999313354492,26.799999237060547,25.549999237060547,7137700.0,23.754913330078125
2015-01-29,25.940000534057617,24.850000381469727,25.809999465942383,25.56999969482422,7761800.0,23.773508071899414
2015-01-30,26.84000015258789,25.149999618530273,25.350000381469727,26.600000381469727,9581100.0,24.731149673461914
2015-02-02,27.969999313354492,26.860000610351562,27.059999465942383,27.899999618530273,11663200.0,25.93981170654297
2015-02-03,28.950000762939453,27.989999771118164,28.399999618530273,28.790000915527344,12652200.0,26.767284393310547
2015-02-04,28.75,27.760000228881836,28.15999984741211,27.979999542236328,11043100.0,26.014190673828125
2015-02-05,28.670000076293945,28.100000381469727,28.479999542236328,28.3799991607666,7309400.0,26.38608741760254
2015-02-06,28.780000686645508,27.8700008392334,28.670000076293945,27.959999084472656,8539600.0,25.99559783935547
2015-02-09,28.719999313354492,28.100000381469727,28.18000030517578,28.309999465942383,6373700.0,26.321001052856445
2015-02-10,28.459999084472656,27.34000015258789,28.25,28.3799991607666,7840200.0,26.38608741760254
2015-02-11,28.299999237060547,27.43000030517578,27.899999618530273,28.079999923706055,6472700.0,26.107168197631836
2015-02-12,29.06999969482422,28.40999984741211,28.59000015258789,28.780000686645508,6066400.0,26.75798225402832
2015-02-13,29.510000228881836,28.90999984741211,29.0,29.489999771118164,6615000.0,27.619632720947266
2015-02-17,29.670000076293945,29.020000457763672,29.3799991607666,29.6299991607666,8148900.0,27.75075340270996
2015-02-18,29.549999237060547,28.850000381469727,29.110000610351562,29.020000457763672,8254800.0,27.179443359375
2015-02-19,29.270000457763672,27.809999465942383,28.469999313354492,29.010000228881836,10128400.0,27.17007827758789
2015-02-20,29.110000610351562,28.190000534057617,29.020000457763672,28.469999313354492,9721400.0,26.66432762145996
2015-02-23,28.719999313354492,27.959999084472656,28.030000686645508,28.540000915527344,6024400.0,26.729887008666992
2015-02-24,28.989999771118164,28.389999389648438,28.989999771118164,28.829999923706055,6053300.0,27.001495361328125
2015-02-25,29.139999389648438,28.469999313354492,28.899999618530273,29.059999465942383,5724500.0,27.21690559387207
2015-02-26,28.739999771118164,27.84000015258789,28.719999313354492,28.0,7463200.0,26.224136352539062
2015-02-27,28.15999984741211,27.700000762939453,28.15999984741211,27.860000610351562,5419300.0,26.093017578125
2015-03-02,27.860000610351562,27.18000030517578,27.860000610351562,27.670000076293945,5838500.0,25.915067672729492
2015-03-03,28.040000915527344,27.5,27.639999389648438,27.739999771118164,4665400.0,25.980628967285156
2015-03-04,27.790000915527344,27.09000015258789,27.760000228881836,27.610000610351562,5692000.0,25.858871459960938
2015-03-05,27.59000015258789,27.219999313354492,27.59000015258789,27.34000015258789,4661800.0,25.605995178222656
2015-03-06,27.350000381469727,26.690000534057617,27.149999618530273,26.780000686645508,5235000.0,25.081512451171875
2015-03-09,26.940000534057617,26.280000686645508,26.65999984741211,26.299999237060547,6099600.0,24.6319580078125
2015-03-10,26.469999313354492,25.81999969482422,26.0,25.81999969482422,6180000.0,24.18239974975586
2015-03-11,26.170000076293945,25.719999313354492,25.979999542236328,25.790000915527344,7315200.0,24.1543025970459
2015-03-12,26.079999923706055,25.56999969482422,26.010000228881836,25.610000610351562,6936300.0,23.9857177734375
2015-03-13,25.809999465942383,25.1200008392334,25.3700008392334,25.780000686645508,6916400.0,24.144935607910156
2015-03-16,26.040000915527344,25.290000915527344,25.549999237060547,26.010000228881836,5028400.0,24.360347747802734
2015-03-17,25.940000534057617,25.399999618530273,25.860000610351562,25.559999465942383,5111700.0,23.938888549804688
2015-03-18,26.510000228881836,25.06999969482422,25.329999923706055,26.34000015258789,7256400.0,24.669418334960938
2015-03-19,26.040000915527344,25.649999618530273,25.75,25.690000534057617,5958900.0,24.06064224243164
2015-03-20,26.459999084472656,25.899999618530273,25.989999771118164,26.18000030517578,12289900.0,24.51956558227539
2015-03-23,26.520000457763672,25.899999618530273,26.270000457763672,25.90999984741211,6558600.0,24.266693115234375
2015-03-24,26.079999923706055,25.760000228881836,25.850000381469727,25.899999618530273,5937300.0,24.257326126098633
2015-03-25,26.719999313354492,25.920000076293945,26.110000610351562,26.40999984741211,6302700.0,24.7349796295166
2015-03-26,27.170000076293945,26.360000610351562,26.829999923706055,26.3799991607666,7973900.0,24.706884384155273
2015-03-27,26.190000534057617,25.809999465942383,26.170000076293945,25.899999618530273,5165600.0,24.257326126098633
2015-03-30,26.510000228881836,25.989999771118164,26.209999084472656,26.43000030517578,5348800.0,24.753711700439453
2015-03-31,26.440000534057617,25.959999084472656,26.040000915527344,26.110000610351562,5712700.0,24.454010009765625
2015-04-01,26.969999313354492,26.229999542236328,26.299999237060547,26.639999389648438,6806600.0,24.95039176940918
2015-04-02,27.280000686645508,26.389999389648438,26.40999984741211,27.06999969482422,8614200.0,25.35312271118164
2015-04-06,28.139999389648438,27.079999923706055,27.399999618530273,27.899999618530273,7564800.0,26.13047981262207
2015-04-07,28.360000610351562,27.780000686645508,27.90999984741211,28.15999984741211,6695500.0,26.373987197875977
2015-04-08,28.540000915527344,27.889999389648438,28.360000610351562,27.959999084472656,7566200.0,26.186674118041992
2015-04-09,28.8700008392334,28.06999969482422,28.110000610351562,28.770000457763672,9637300.0,26.945302963256836
2015-04-10,29.299999237060547,28.530000686645508,28.860000610351562,29.18000030517578,7650000.0,27.329294204711914
2015-04-13,29.799999237060547,28.850000381469727,29.770000457763672,28.899999618530273,4685300.0,27.06705665588379
2015-04-14,29.6299991607666,29.139999389648438,29.149999618530273,29.399999618530273,6371100.0,27.53534507751465
2015-04-15,30.899999618530273,29.670000076293945,30.1200008392334,30.700000762939453,10770800.0,28.752891540527344
2015-04-16,31.06999969482422,30.350000381469727,30.59000015258789,30.700000762939453,6356500.0,28.752891540527344
2015-04-17,30.670000076293945,30.079999923706055,30.469999313354492,30.520000457763672,7920300.0,28.584304809570312
2015-04-20,31.299999237060547,30.790000915527344,30.90999984741211,30.969999313354492,8868900.0,29.005767822265625
2015-04-21,31.100000381469727,30.09000015258789,31.06999969482422,30.1299991607666,6408800.0,28.219045639038086
2015-04-22,30.6299991607666,30.110000610351562,30.290000915527344,30.350000381469727,5596300.0,28.42508888244629
2015-04-23,30.729999542236328,30.299999237060547,30.420000076293945,30.549999237060547,5402400.0,28.61240577697754
2015-04-24,30.420000076293945,30.020000457763672,30.420000076293945,30.329999923706055,6156800.0,28.406356811523438
2015-04-27,30.739999771118164,30.3700008392334,30.5,30.40999984741211,5194200.0,28.481287002563477
2015-04-28,30.739999771118164,30.260000228881836,30.399999618530273,30.719999313354492,5709700.0,28.771623611450195
2015-04-29,31.40999984741211,30.530000686645508,30.639999389648438,31.190000534057617,6831000.0,29.211814880371094
2015-04-30,31.450000762939453,30.75,31.3700008392334,31.100000381469727,6826200.0,29.127531051635742
2015-05-01,31.18000030517578,30.59000015258789,31.110000610351562,30.770000457763672,5367500.0,28.818450927734375
2015-05-04,31.139999389648438,30.5,30.950000762939453,31.079999923706055,8658200.0,29.10879135131836
2015-05-05,31.530000686645508,29.93000030517578,31.290000915527344,29.969999313354492,9686100.0,28.069189071655273
2015-05-06,30.549999237060547,29.520000457763672,30.3799991607666,29.809999465942383,8453900.0,27.91933822631836
2015-05-07,30.280000686645508,28.469999313354492,29.81999969482422,28.920000076293945,11315600.0,27.085786819458008
2015-05-08,29.5,28.75,29.40999984741211,29.309999465942383,10442700.0,27.451051712036133
2015-05-11,29.399999618530273,28.34000015258789,29.329999923706055,28.399999618530273,9064600.0,26.598766326904297
2015-05-12,28.600000381469727,28.149999618530273,28.420000076293945,28.389999389648438,6300000.0,26.589401245117188
2015-05-13,28.760000228881836,28.0,28.719999313354492,28.149999618530273,6561300.0,26.364622116088867
2015-05-14,28.280000686645508,27.59000015258789,28.190000534057617,27.6200008392334,7124800.0,25.86823844909668
2015-05-15,27.799999237060547,27.190000534057617,27.510000228881836,27.68000030517578,5156600.0,25.9244327545166
2015-05-18,27.760000228881836,27.110000610351562,27.40999984741211,27.709999084472656,6184400.0,26.150928497314453
2015-05-19,27.510000228881836,27.1299991607666,27.389999389648438,27.329999923706055,5971000.0,25.792308807373047
2015-05-20,27.56999969482422,27.239999771118164,27.350000381469727,27.459999084472656,5643400.0,25.91499137878418
2015-05-21,28.270000457763672,27.459999084472656,27.6200008392334,28.18000030517578,7370100.0,26.594482421875
2015-05-22,28.190000534057617,27.770000457763672,27.920000076293945,28.09000015258789,6049800.0,26.50954818725586
2015-05-26,27.8799991607666,27.40999984741211,27.739999771118164,27.68000030517578,6098600.0,26.12261962890625
2015-05-27,27.969999313354492,27.329999923706055,27.6299991607666,27.579999923706055,5114400.0,26.028244018554688
2015-05-28,27.420000076293945,26.989999771118164,27.399999618530273,27.219999313354492,4732500.0,25.68849754333496
2015-05-29,27.56999969482422,27.149999618530273,27.299999237060547,27.190000534057617,5260200.0,25.660186767578125
2015-06-01,27.309999465942383,26.920000076293945,27.229999542236328,27.09000015258789,4985700.0,25.565811157226562
2015-06-02,27.31999969482422,26.649999618530273,27.200000762939453,27.079999923706055,8523700.0,25.55637550354004
2015-06-03,27.389999389648438,26.950000762939453,27.09000015258789,27.079999923706055,5053400.0,25.55637550354004
2015-06-04,27.030000686645508,26.639999389648438,26.8799991607666,26.649999618530273,4377700.0,25.15056800842285
2015-06-05,27.309999465942383,26.5,26.540000915527344,26.950000762939453,5321700.0,25.43368911743164
2015-06-08,27.010000228881836,26.440000534057617,26.790000915527344,26.579999923706055,4697500.0,25.084503173828125
2015-06-09,27.25,26.729999542236328,26.8700008392334,26.729999542236328,3281200.0,25.226064682006836
2015-06-10,27.25,26.940000534057617,27.149999618530273,27.059999465942383,3405700.0,25.537500381469727
2015-06-11,27.290000915527344,26.8799991607666,27.1200008392334,26.93000030517578,4144700.0,25.414817810058594
2015-06-12,26.860000610351562,26.479999542236328,26.790000915527344,26.489999771118164,4453900.0,24.99956703186035
2015-06-15,26.649999618530273,26.239999771118164,26.239999771118164,26.440000534057617,4643400.0,24.952383041381836
2015-06-16,26.760000228881836,26.40999984741211,26.450000762939453,26.719999313354492,3288300.0,25.216632843017578
2015-06-17,27.049999237060547,26.309999465942383,27.0,26.540000915527344,3478000.0,25.046756744384766
2015-06-18,26.790000915527344,26.459999084472656,26.65999984741211,26.530000686645508,3904200.0,25.037321090698242
2015-06-19,26.610000610351562,25.889999389648438,26.3799991607666,25.920000076293945,8063700.0,24.461639404296875
2015-06-22,26.239999771118164,25.790000915527344,26.18000030517578,26.1200008392334,3382900.0,24.650386810302734
2015-06-23,26.65999984741211,26.139999389648438,26.239999771118164,26.610000610351562,4661600.0,25.11281967163086
2015-06-24,27.020000457763672,26.59000015258789,26.719999313354492,26.610000610351562,7571900.0,25.11281967163086
2015-06-25,27.200000762939453,26.75,27.18000030517578,26.809999465942383,10990800.0,25.30156707763672
2015-06-26,27.770000457763672,26.549999237060547,26.8700008392334,27.75,18316800.0,26.18868064880371
2015-06-29,27.3799991607666,26.68000030517578,27.239999771118164,26.690000534057617,13296400.0,25.188316345214844
2015-06-30,27.0,26.459999084472656,27.0,26.540000915527344,8529000.0,25.046756744384766
2015-07-01,26.610000610351562,25.600000381469727,26.59000015258789,25.790000915527344,8710900.0,24.33895492553711
2015-07-02,26.3799991607666,25.670000076293945,25.8700008392334,25.729999542236328,6216200.0,24.282329559326172
2015-07-06,25.479999542236328,25.049999237060547,25.280000686645508,25.1200008392334,6449200.0,23.706653594970703
2015-07-07,25.84000015258789,24.450000762939453,25.06999969482422,25.709999084472656,8451100.0,24.263452529907227
2015-07-08,25.65999984741211,24.540000915527344,25.520000457763672,24.729999542236328,7133500.0,23.338594436645508
2015-07-09,25.3799991607666,24.75,25.219999313354492,24.780000686645508,9405400.0,23.385786056518555
2015-07-10,25.229999542236328,24.350000381469727,24.979999542236328,24.459999084472656,6841800.0,23.083784103393555
2015-07-13,24.770000457763672,24.31999969482422,24.3799991607666,24.729999542236328,5953300.0,23.338594436645508
2015-07-14,25.25,24.6200008392334,24.719999313354492,25.079999923706055,9034300.0,23.668903350830078
2015-07-15,25.100000381469727,24.209999084472656,24.969999313354492,24.399999618530273,8365100.0,23.02716064453125
2015-07-16,24.68000030517578,24.15999984741211,24.649999618530273,24.270000457763672,6634000.0,22.904478073120117
2015-07-17,24.239999771118164,23.549999237060547,24.200000762939453,23.56999969482422,6230600.0,22.24386215209961
2015-07-20,23.600000381469727,23.059999465942383,23.59000015258789,23.239999771118164,8700400.0,21.93242835998535
2015-07-21,23.59000015258789,23.100000381469727,23.3700008392334,23.170000076293945,9206200.0,21.86636734008789
2015-07-22,23.110000610351562,22.229999542236328,23.06999969482422,22.34000015258789,11190200.0,21.08306312561035
2015-07-23,22.479999542236328,21.719999313354492,22.360000610351562,22.100000381469727,12029000.0,20.856569290161133
2015-07-24,22.100000381469727,21.100000381469727,22.059999465942383,21.40999984741211,13124600.0,20.20539093017578
2015-07-27,21.219999313354492,20.56999969482422,21.100000381469727,20.690000534057617,9137000.0,19.525903701782227
2015-07-28,21.56999969482422,20.440000534057617,20.770000457763672,21.200000762939453,11840500.0,20.007204055786133
2015-07-29,21.8700008392334,20.90999984741211,21.15999984741211,21.760000228881836,12555700.0,20.53569793701172
2015-07-30,21.940000534057617,21.469999313354492,21.860000610351562,21.860000610351562,8454800.0,20.63007354736328
2015-07-31,21.760000228881836,20.93000030517578,21.68000030517578,21.010000228881836,8947500.0,19.827898025512695
2015-08-03,21.219999313354492,20.469999313354492,20.700000762939453,20.56999969482422,11247500.0,19.412654876708984
2015-08-04,20.989999771118164,20.280000686645508,20.709999084472656,20.510000228881836,9375600.0,19.356027603149414
2015-08-05,21.059999465942383,19.739999771118164,20.81999969482422,19.790000915527344,16224000.0,18.67654037475586
2015-08-06,19.739999771118164,17.860000610351562,19.049999237060547,19.450000762939453,21784200.0,18.355669021606445
2015-08-07,19.90999984741211,18.25,19.3700008392334,18.399999618530273,11654700.0,17.364742279052734
2015-08-10,19.09000015258789,18.149999618530273,18.420000076293945,18.979999542236328,11948200.0,17.912109375
2015-08-11,18.920000076293945,18.110000610351562,18.479999542236328,18.8799991607666,14173400.0,17.817737579345703
2015-08-12,19.219999313354492,18.540000915527344,18.84000015258789,19.059999465942383,12432300.0,17.987607955932617
2015-08-13,18.8700008392334,17.979999542236328,18.790000915527344,18.020000457763672,10108900.0,17.006128311157227
2015-08-14,18.270000457763672,17.360000610351562,18.0,17.399999618530273,12830500.0,16.421010971069336
2015-08-17,17.389999389648438,16.899999618530273,17.149999618530273,17.360000610351562,15390900.0,16.583406448364258
2015-08-18,17.799999237060547,17.260000228881836,17.329999923706055,17.479999542236328,8966200.0,16.698034286499023
2015-08-19,17.479999542236328,16.079999923706055,17.34000015258789,16.229999542236328,19827100.0,15.503952026367188
2015-08-20,16.56999969482422,15.949999809265137,16.170000076293945,16.1299991607666,14230900.0,15.408428192138672
2015-08-21,16.280000686645508,15.699999809265137,16.030000686645508,15.729999542236328,18816400.0,15.026321411132812
2015-08-24,15.239999771118164,14.289999961853027,14.510000228881836,14.390000343322754,22372800.0,13.746267318725586
2015-08-25,15.100000381469727,14.029999732971191,15.100000381469727,14.039999961853027,13423400.0,13.411925315856934
2015-08-26,14.670000076293945,14.069999694824219,14.319999694824219,14.649999618530273,13567300.0,13.994636535644531
2015-08-27,16.1299991607666,14.869999885559082,14.930000305175781,15.970000267028809,22410500.0,15.255586624145508
2015-08-28,17.100000381469727,15.869999885559082,15.890000343322754,16.649999618530273,21004800.0,15.905168533325195
2015-08-31,17.360000610351562,15.819999694824219,16.40999984741211,17.290000915527344,18409800.0,16.516538619995117
2015-09-01,17.219999313354492,16.459999084472656,16.719999313354492,16.850000381469727,17820400.0,16.09621810913086
2015-09-02,17.139999389648438,16.149999618530273,17.110000610351562,16.8700008392334,14667800.0,16.11532974243164
2015-09-03,17.59000015258789,16.649999618530273,16.940000534057617,16.8700008392334,13572500.0,16.11532974243164
2015-09-04,16.709999084472656,16.239999771118164,16.59000015258789,16.360000610351562,15418700.0,15.628140449523926
2015-09-08,16.6299991607666,16.040000915527344,16.579999923706055,16.31999969482422,13711000.0,15.589929580688477
2015-09-09,16.8799991607666,14.859999656677246,16.420000076293945,14.90999984741211,33846500.0,14.243003845214844
2015-09-10,15.420000076293945,14.739999771118164,15.029999732971191,14.979999542236328,18710400.0,14.309873580932617
2015-09-11,15.140000343322754,14.59000015258789,14.75,15.09000015258789,15640600.0,14.414953231811523
2015-09-14,15.479999542236328,14.8100004196167,14.989999771118164,15.40999984741211,15451800.0,14.720636367797852
2015-09-15,15.850000381469727,15.350000381469727,15.470000267028809,15.449999809265137,15501800.0,14.7588472366333
2015-09-16,16.239999771118164,15.619999885559082,15.619999885559082,16.209999084472656,16637100.0,15.484848976135254
2015-09-17,16.979999542236328,16.1299991607666,16.229999542236328,16.43000030517578,19681500.0,15.695011138916016
2015-09-18,16.329999923706055,15.569999694824219,16.229999542236328,15.84000015258789,26820700.0,15.131401062011719
2015-09-21,16.530000686645508,15.670000076293945,16.020000457763672,16.110000610351562,13935300.0,15.389325141906738
2015-09-22,16.299999237060547,15.539999961853027,15.75,15.65999984741211,12251600.0,14.959452629089355
2015-09-23,15.949999809265137,15.25,15.75,15.300000190734863,12545000.0,14.615558624267578
2015-09-24,15.680000305175781,15.039999961853027,15.09000015258789,15.449999809265137,12053700.0,14.7588472366333
2015-09-25,16.049999237060547,15.390000343322754,15.670000076293945,15.75,13876900.0,15.045428276062012
2015-09-28,15.550000190734863,14.75,15.479999542236328,14.760000228881836,9936700.0,14.099714279174805
2015-09-29,15.180000305175781,14.710000038146973,14.859999656677246,14.970000267028809,10994800.0,14.300320625305176
2015-09-30,15.59000015258789,15.0,15.140000343322754,15.399999618530273,13694800.0,14.711085319519043
2015-10-01,16.190000534057617,15.140000343322754,15.789999961853027,15.3100004196167,14181300.0,14.62511157989502
2015-10-02,16.690000534057617,15.0,15.15999984741211,16.65999984741211,11643500.0,15.91472053527832
2015-10-05,18.1299991607666,17.0,17.079999923706055,18.049999237060547,17565700.0,17.242538452148438
2015-10-06,19.280000686645508,18.0,18.1200008392334,19.170000076293945,25583600.0,18.31243324279785
2015-10-07,20.329999923706055,18.420000076293945,19.59000015258789,19.170000076293945,26600100.0,18.31243324279785
2015-10-08,20.389999389648438,19.020000457763672,19.100000381469727,20.18000030517578,17094900.0,19.27725601196289
2015-10-09,20.440000534057617,19.389999389648438,20.43000030517578,19.59000015258789,14168000.0,18.71364402770996
2015-10-12,19.610000610351562,18.40999984741211,19.559999465942383,18.959999084472656,13787200.0,18.111825942993164
2015-10-13,19.329999923706055,18.489999771118164,18.799999237060547,18.59000015258789,10355600.0,17.75838279724121
2015-10-14,19.040000915527344,18.440000534057617,18.459999084472656,18.90999984741211,8545600.0,18.064064025878906
2015-10-15,19.459999084472656,18.690000534057617,18.760000228881836,19.43000030517578,9403800.0,18.56080436706543
2015-10-16,19.579999923706055,18.81999969482422,19.520000457763672,19.280000686645508,8146200.0,18.417518615722656
2015-10-19,19.110000610351562,18.030000686645508,18.93000030517578,18.280000686645508,9449500.0,17.46225357055664
2015-10-20,18.739999771118164,18.110000610351562,18.270000457763672,18.559999465942383,7794900.0,17.729721069335938
2015-10-21,18.469999313354492,17.969999313354492,18.40999984741211,18.020000457763672,8139600.0,17.21388053894043
2015-10-22,18.6200008392334,18.040000915527344,18.200000762939453,18.479999542236328,9018800.0,17.653303146362305
2015-10-23,18.6299991607666,17.979999542236328,18.299999237060547,18.299999237060547,8455300.0,17.481353759765625
2015-10-26,18.299999237060547,17.579999923706055,18.260000228881836,17.59000015258789,7277800.0,16.80311393737793
2015-10-27,17.440000534057617,16.729999542236328,17.440000534057617,17.110000610351562,11897200.0,16.344587326049805
2015-10-28,18.06999969482422,17.049999237060547,17.239999771118164,17.68000030517578,12690200.0,16.88909149169922
2015-10-29,18.709999084472656,17.3700008392334,17.479999542236328,17.549999237060547,15848800.0,16.76490592956543
2015-10-30,18.729999542236328,17.3799991607666,17.809999465942383,18.3799991607666,15400300.0,17.55777359008789
2015-11-02,19.229999542236328,18.139999389648438,18.170000076293945,19.010000228881836,10944600.0,18.159589767456055
2015-11-03,20.09000015258789,19.239999771118164,19.25,19.65999984741211,12060400.0,18.780517578125
2015-11-04,19.850000381469727,18.8700008392334,19.6200008392334,19.399999618530273,9119600.0,18.532146453857422
2015-11-05,19.950000762939453,18.1299991607666,18.989999771118164,19.0,19123200.0,18.150039672851562
2015-11-06,18.889999389648438,17.729999542236328,18.68000030517578,18.290000915527344,15275300.0,17.471803665161133
2015-11-09,18.739999771118164,18.06999969482422,18.280000686645508,18.360000610351562,10110500.0,17.53866958618164
2015-11-10,18.850000381469727,18.190000534057617,18.260000228881836,18.780000686645508,8711100.0,17.93988037109375
2015-11-11,18.81999969482422,16.989999771118164,18.700000762939453,17.299999237060547,14112500.0,16.52608871459961
2015-11-12,17.610000610351562,16.68000030517578,16.940000534057617,17.200000762939453,10661200.0,16.430559158325195
2015-11-13,17.399999618530273,16.68000030517578,17.1200008392334,17.139999389648438,8965600.0,16.373245239257812
2015-11-16,17.93000030517578,16.959999084472656,17.209999084472656,17.8700008392334,9262100.0,17.120534896850586
2015-11-17,17.920000076293945,17.290000915527344,17.649999618530273,17.709999084472656,6618300.0,16.967241287231445
2015-11-18,18.469999313354492,17.290000915527344,17.940000534057617,17.899999618530273,11540300.0,17.149272918701172
2015-11-19,17.860000610351562,17.170000076293945,17.709999084472656,17.639999389648438,9794800.0,16.900175094604492
2015-11-20,17.860000610351562,17.299999237060547,17.600000381469727,17.420000076293945,8416900.0,16.689407348632812
2015-11-23,17.700000762939453,17.170000076293945,17.389999389648438,17.530000686645508,9373300.0,16.79479217529297
2015-11-24,18.719999313354492,17.670000076293945,17.790000915527344,18.5,11708700.0,17.72411346435547
2015-11-25,18.399999618530273,17.829999923706055,18.219999313354492,18.110000610351562,6277000.0,17.350467681884766
2015-11-27,18.0,17.389999389648438,17.850000381469727,17.440000534057617,3696100.0,16.70857048034668
2015-11-30,17.860000610351562,17.3700008392334,17.56999969482422,17.510000228881836,11798400.0,16.775634765625
2015-12-01,17.690000534057617,17.31999969482422,17.56999969482422,17.6299991607666,8820200.0,16.890596389770508
2015-12-02,17.670000076293945,16.579999923706055,17.40999984741211,16.670000076293945,11031700.0,15.970863342285156
2015-12-03,16.93000030517578,16.290000915527344,16.850000381469727,16.549999237060547,14461800.0,15.8558931350708
2015-12-04,16.3799991607666,15.699999809265137,16.219999313354492,16.1200008392334,10742400.0,15.443930625915527
2015-12-07,15.539999961853027,14.680000305175781,15.539999961853027,14.779999732971191,15175300.0,14.160127639770508
2015-12-08,14.979999542236328,14.069999694824219,14.25,14.920000076293945,18275100.0,14.294256210327148
2015-12-09,15.4399995803833,14.40999984741211,14.890000343322754,14.5,15728700.0,13.891870498657227
2015-12-10,14.960000038146973,14.260000228881836,14.430000305175781,14.739999771118164,10212300.0,14.121804237365723
2015-12-11,14.5,14.100000381469727,14.380000114440918,14.34000015258789,11234100.0,13.738579750061035
2015-12-14,14.229999542236328,13.40999984741211,14.15999984741211,13.960000038146973,14534300.0,13.374517440795898
2015-12-15,14.5,13.930000305175781,14.270000457763672,14.460000038146973,12972900.0,13.853548049926758
2015-12-16,14.479999542236328,13.479999542236328,14.470000267028809,13.779999732971191,15943200.0,13.202067375183105
2015-12-17,13.970000267028809,12.649999618530273,13.789999961853027,12.779999732971191,18589200.0,12.244007110595703
2015-12-18,12.989999771118164,12.399999618530273,12.779999732971191,12.470000267028809,27418600.0,11.947010040283203
2015-12-21,12.770000457763672,12.109999656677246,12.539999961853027,12.520000457763672,13683700.0,11.994912147521973
2015-12-22,12.880000114440918,12.449999809265137,12.539999961853027,12.6899995803833,9416500.0,12.157781600952148
2015-12-23,13.970000267028809,12.989999771118164,13.069999694824219,13.960000038146973,14590100.0,13.374517440795898
2015-12-24,14.109999656677246,13.59000015258789,13.979999542236328,13.930000305175781,5709500.0,13.34577751159668
2015-12-28,13.569999694824219,12.819999694824219,13.529999732971191,12.979999542236328,9467800.0,12.435619354248047
2015-12-29,13.4399995803833,12.760000228881836,13.350000381469727,13.029999732971191,8141900.0,12.483522415161133
2015-12-30,13.069999694824219,12.350000381469727,12.729999542236328,12.380000114440918,9897900.0,11.860784530639648
2015-12-31,12.65999984741211,12.220000267028809,12.329999923706055,12.59000015258789,10141000.0,12.06197738647461
2016-01-04,13.0,12.380000114440918,12.5600004196167,12.819999694824219,12667600.0,12.282328605651855
2016-01-05,12.859999656677246,12.329999923706055,12.789999961853027,12.760000228881836,9777000.0,12.224846839904785
2016-01-06,12.270000457763672,11.140000343322754,12.25,11.279999732971191,15837500.0,10.806916236877441
2016-01-07,11.180000305175781,10.550000190734863,10.829999923706055,10.670000076293945,20172900.0,10.222503662109375
2016-01-08,10.90999984741211,9.859999656677246,10.779999732971191,10.350000381469727,34056400.0,9.915924072265625
2016-01-11,10.40999984741211,9.369999885559082,10.399999618530273,9.619999885559082,22246200.0,9.216537475585938
2016-01-12,9.760000228881836,8.710000038146973,9.699999809265137,9.1899995803833,25506000.0,8.804571151733398
2016-01-13,9.640000343322754,8.4399995803833,9.399999618530273,8.539999961853027,26857700.0,8.181833267211914
2016-01-14,9.239999771118164,8.359999656677246,8.699999809265137,9.069999694824219,33825800.0,8.689604759216309
2016-01-15,8.369999885559082,7.710000038146973,8.140000343322754,8.140000343322754,39565500.0,7.798609256744385
2016-01-19,8.260000228881836,7.489999771118164,8.210000038146973,7.679999828338623,29537200.0,7.357901573181152
2016-01-20,8.039999961853027,7.079999923706055,7.340000152587891,7.860000133514404,45468000.0,7.5303521156311035
2016-01-21,8.890000343322754,7.71999979019165,7.75,8.789999961853027,37173900.0,8.421347618103027
2016-01-22,10.630000114440918,8.640000343322754,10.1899995803833,9.020000457763672,38960100.0,8.641702651977539
2016-01-25,9.1899995803833,8.119999885559082,8.75,8.140000343322754,19509600.0,7.798609256744385
2016-01-26,8.5,7.929999828338623,8.359999656677246,8.449999809265137,16321300.0,8.09560775756836
2016-01-27,9.350000381469727,8.180000305175781,8.34000015258789,8.75,27289200.0,8.383026123046875
2016-01-28,9.550000190734863,8.84000015258789,9.34000015258789,9.170000076293945,20994400.0,8.785409927368164
2016-01-29,9.850000381469727,9.170000076293945,9.220000267028809,9.729999542236328,20678000.0,9.32192325592041
2016-02-01,9.800000190734863,9.220000267028809,9.380000114440918,9.739999771118164,17658100.0,9.331502914428711
2016-02-02,9.350000381469727,8.6899995803833,9.319999694824219,8.739999771118164,19959900.0,8.373444557189941
2016-02-03,9.430000305175781,8.4399995803833,9.020000457763672,9.420000076293945,23844300.0,9.024925231933594
2016-02-04,10.279999732971191,9.09000015258789,9.550000190734863,9.1899995803833,33413300.0,8.804571151733398
2016-02-05,9.100000381469727,8.34000015258789,9.069999694824219,8.460000038146973,29574000.0,8.10518741607666
2016-02-08,8.460000038146973,7.630000114440918,8.260000228881836,7.820000171661377,45568000.0,7.492030620574951
2016-02-09,7.710000038146973,7.03000020980835,7.630000114440918,7.289999961853027,24240800.0,6.98425817489624
2016-02-10,7.619999885559082,7.010000228881836,7.230000019073486,7.130000114440918,21711900.0,6.830968379974365
2016-02-11,7.300000190734863,6.519999980926514,6.920000076293945,7.059999942779541,36853000.0,6.763903617858887
2016-02-12,7.659999847412109,7.050000190734863,7.21999979019165,7.489999771118164,30427700.0,7.227053165435791
2016-02-16,7.840000152587891,7.179999828338623,7.760000228881836,7.400000095367432,22438900.0,7.140212535858154
2016-02-17,7.71999979019165,6.75,7.670000076293945,7.409999847412109,63685200.0,7.1498613357543945
2016-02-18,7.619999885559082,6.699999809265137,7.599999904632568,6.929999828338623,55035600.0,6.686712265014648
2016-02-19,6.880000114440918,6.519999980926514,6.849999904632568,6.730000019073486,38684800.0,6.4937334060668945
2016-02-22,7.5,6.849999904632568,6.96999979019165,7.489999771118164,34565200.0,7.227053165435791
2016-02-23,7.460000038146973,6.900000095367432,7.300000190734863,7.03000020980835,28066300.0,6.783202648162842
2016-02-24,7.25,6.659999847412109,6.75,7.21999979019165,18799300.0,6.966531753540039
2016-02-25,7.429999828338623,6.960000038146973,7.25,7.389999866485596,20673100.0,7.130564212799072
2016-02-26,8.199999809265137,7.590000152587891,7.75,8.029999732971191,36421100.0,7.748095512390137
2016-02-29,8.529999732971191,7.96999979019165,8.489999771118164,8.210000038146973,38489400.0,7.921775817871094
2016-03-01,8.210000038146973,7.559999942779541,8.210000038146973,7.960000038146973,273996600.0,7.680552959442139
2016-03-02,9.149999618530273,7.900000095367432,7.940000057220459,9.100000381469727,74553100.0,8.780532836914062
2016-03-03,10.0,8.970000267028809,9.029999732971191,9.970000267028809,65378700.0,9.619990348815918
2016-03-04,11.479999542236328,10.079999923706055,10.359999656677246,11.0,86997000.0,10.61383056640625
2016-03-07,11.59000015258789,10.720000267028809,11.119999885559082,11.029999732971191,57536900.0,10.642776489257812
2016-03-08,10.869999885559082,9.920000076293945,10.84000015258789,10.119999885559082,35596300.0,9.76472282409668
2016-03-09,10.680000305175781,10.079999923706055,10.510000228881836,10.479999542236328,30862000.0,10.112083435058594
2016-03-10,10.619999885559082,10.010000228881836,10.3100004196167,10.59000015258789,33980800.0,10.218222618103027
2016-03-11,11.350000381469727,10.949999809265137,11.140000343322754,11.15999984741211,31847000.0,10.768214225769043
2016-03-14,11.319999694824219,10.680000305175781,10.859999656677246,11.09000015258789,28445000.0,10.70067024230957
2016-03-15,11.3100004196167,10.600000381469727,10.850000381469727,11.3100004196167,23912100.0,10.912948608398438
2016-03-16,11.829999923706055,11.09000015258789,11.59000015258789,11.520000457763672,32600700.0,11.115572929382324
2016-03-17,11.75,11.3100004196167,11.720000267028809,11.449999809265137,30781300.0,11.0480318069458
2016-03-18,11.880000114440918,11.199999809265137,11.720000267028809,11.630000114440918,41238300.0,11.221712112426758
2016-03-21,11.84000015258789,11.260000228881836,11.470000267028809,11.430000305175781,26579700.0,11.028733253479004
2016-03-22,11.579999923706055,11.25,11.260000228881836,11.3100004196167,22927100.0,10.912948608398438
2016-03-23,11.3100004196167,10.119999885559082,11.3100004196167,10.1899995803833,31271300.0,9.83226490020752
2016-03-24,10.449999809265137,9.649999618530273,9.770000457763672,10.289999961853027,28978700.0,9.928754806518555
2016-03-28,10.4399995803833,9.8100004196167,10.329999923706055,10.15999984741211,22606300.0,9.80331802368164
2016-03-29,10.470000267028809,9.770000457763672,9.920000076293945,10.399999618530273,23883500.0,10.034893035888672
2016-03-30,10.800000190734863,10.239999771118164,10.729999542236328,10.529999732971191,22290300.0,10.160330772399902
2016-03-31,11.239999771118164,10.420000076293945,10.520000457763672,11.140000343322754,40209700.0,10.74891471862793
2016-04-01,10.789999961853027,10.390000343322754,10.75,10.5600004196167,29055400.0,10.189276695251465
2016-04-04,11.0,10.40999984741211,10.520000457763672,10.529999732971191,21890200.0,10.160330772399902
2016-04-05,10.869999885559082,10.319999694824219,10.399999618530273,10.630000114440918,21366000.0,10.256820678710938
2016-04-06,11.260000228881836,10.680000305175781,10.8100004196167,11.020000457763672,26216700.0,10.633127212524414
2016-04-07,11.289999961853027,10.779999732971191,10.880000114440918,11.220000267028809,23358500.0,10.826106071472168
2016-04-08,11.779999732971191,11.40999984741211,11.65999984741211,11.779999732971191,24392700.0,11.366446495056152
2016-04-11,12.15999984741211,11.619999885559082,11.920000076293945,11.670000076293945,24378100.0,11.260307312011719
2016-04-12,13.390000343322754,11.869999885559082,12.029999732971191,13.119999885559082,43838500.0,12.659404754638672
2016-04-13,13.300000190734863,12.510000228881836,12.970000267028809,12.920000076293945,30817500.0,12.466426849365234
2016-04-14,13.229999542236328,12.720000267028809,13.020000457763672,13.109999656677246,21193900.0,12.649754524230957
2016-04-15,13.220000267028809,12.739999771118164,12.920000076293945,13.010000228881836,19535500.0,12.553264617919922
2016-04-18,13.539999961853027,12.279999732971191,12.289999961853027,13.359999656677246,23953100.0,12.89097785949707
2016-04-19,14.170000076293945,13.449999809265137,13.539999961853027,13.949999809265137,27614400.0,13.460267066955566
2016-04-20,14.350000381469727,13.510000228881836,13.890000343322754,14.0600004196167,26467000.0,13.566405296325684
2016-04-21,14.25,13.770000457763672,14.180000305175781,13.859999656677246,23557000.0,13.373424530029297
2016-04-22,14.399999618530273,13.949999809265137,13.970000267028809,14.34000015258789,26857200.0,13.83657455444336
2016-04-25,14.289999961853027,13.710000038146973,14.25,13.829999923706055,21634000.0,13.344478607177734
2016-04-26,14.539999961853027,13.880000114440918,14.09000015258789,14.4399995803833,24287400.0,13.933063507080078
2016-04-27,15.149999618530273,14.460000038146973,14.699999809265137,14.84000015258789,29916300.0,14.319021224975586
2016-04-28,15.069999694824219,14.329999923706055,14.789999961853027,14.350000381469727,21467700.0,13.846223831176758
2016-04-29,14.880000114440918,13.720000267028809,14.539999961853027,14.09000015258789,27966600.0,13.59535026550293
2016-05-02,14.079999923706055,13.119999885559082,14.020000457763672,13.550000190734863,26223900.0,13.074307441711426
2016-05-03,13.390000343322754,12.510000228881836,13.140000343322754,12.789999961853027,25388300.0,12.340988159179688
2016-05-04,13.079999923706055,12.09000015258789,12.850000381469727,12.170000076293945,25287700.0,11.742754936218262
2016-05-05,12.8100004196167,11.890000343322754,12.75,12.069999694824219,26903700.0,11.646263122558594
2016-05-06,12.539999961853027,11.779999732971191,11.869999885559082,12.029999732971191,21632800.0,11.607669830322266
2016-05-09,11.960000038146973,11.279999732971191,11.890000343322754,11.4399995803833,21257600.0,11.03838062286377
2016-05-10,11.949999809265137,11.460000038146973,11.539999961853027,11.9399995803833,17095000.0,11.520830154418945
2016-05-11,12.829999923706055,11.579999923706055,11.90999984741211,12.460000038146973,22812100.0,12.022574424743652
2016-05-12,13.140000343322754,12.15999984741211,12.729999542236328,12.329999923706055,25073700.0,11.897138595581055
2016-05-13,12.609999656677246,12.180000305175781,12.239999771118164,12.300000190734863,15099200.0,11.86819076538086
2016-05-16,13.130000114440918,12.699999809265137,12.770000457763672,12.779999732971191,17294200.0,12.381671905517578
2016-05-17,13.199999809265137,12.680000305175781,12.899999618530273,12.859999656677246,16167200.0,12.45917797088623
2016-05-18,13.079999923706055,12.5600004196167,12.779999732971191,12.65999984741211,15051500.0,12.265412330627441
2016-05-19,12.880000114440918,12.109999656677246,12.350000381469727,12.739999771118164,17303600.0,12.342917442321777
2016-05-20,13.109999656677246,12.579999923706055,12.829999923706055,13.109999656677246,17178200.0,12.701386451721191
2016-05-23,13.289999961853027,12.829999923706055,12.869999885559082,13.1899995803833,16841300.0,12.77889347076416
2016-05-24,13.300000190734863,12.899999618530273,13.239999771118164,13.020000457763672,18427500.0,12.614192008972168
2016-05-25,13.600000381469727,13.140000343322754,13.229999542236328,13.539999961853027,16999500.0,13.1179838180542
2016-05-26,13.890000343322754,13.170000076293945,13.800000190734863,13.170000076293945,17171000.0,12.759517669677734
2016-05-27,13.100000381469727,12.770000457763672,13.0600004196167,12.899999618530273,16136400.0,12.497930526733398
2016-05-31,13.59000015258789,12.9399995803833,13.109999656677246,13.069999694824219,19678400.0,12.662633895874023
2016-06-01,13.319999694824219,12.680000305175781,12.880000114440918,13.229999542236328,17141800.0,12.817646980285645
2016-06-02,13.470000267028809,12.960000038146973,13.010000228881836,13.380000114440918,13955800.0,12.962971687316895
2016-06-03,13.569999694824219,13.069999694824219,13.359999656677246,13.319999694824219,14767900.0,12.904840469360352
2016-06-06,14.0,13.520000457763672,13.649999618530273,13.960000038146973,16295400.0,13.524892807006836
2016-06-07,14.75,13.970000267028809,14.149999618530273,14.619999885559082,24184000.0,14.164323806762695
2016-06-08,15.149999618530273,14.420000076293945,15.0,14.529999732971191,20238300.0,14.077127456665039
2016-06-09,14.470000267028809,14.100000381469727,14.180000305175781,14.260000228881836,14134300.0,13.815544128417969
2016-06-10,13.989999771118164,13.399999618530273,13.970000267028809,13.420000076293945,16791200.0,13.001724243164062
2016-06-13,13.710000038146973,13.149999618530273,13.239999771118164,13.279999732971191,17032300.0,12.866087913513184
2016-06-14,13.5,12.84000015258789,13.260000228881836,13.229999542236328,12107600.0,12.817646980285645
2016-06-15,13.489999771118164,12.890000343322754,13.0600004196167,13.0600004196167,13088100.0,12.652947425842285
2016-06-16,12.90999984741211,12.220000267028809,12.899999618530273,12.670000076293945,16743700.0,12.275101661682129
2016-06-17,13.380000114440918,12.930000305175781,12.979999542236328,13.15999984741211,17879400.0,12.74982738494873
2016-06-20,14.729999542236328,13.829999923706055,13.850000381469727,14.479999542236328,39534000.0,14.0286865234375
2016-06-21,15.180000305175781,14.199999809265137,14.739999771118164,15.09000015258789,34467400.0,14.619674682617188
2016-06-22,15.319999694824219,14.5600004196167,15.130000114440918,14.75,21281100.0,14.290271759033203
2016-06-23,15.279999732971191,14.779999732971191,15.020000457763672,15.270000457763672,19494000.0,14.794062614440918
2016-06-24,14.9399995803833,14.279999732971191,14.3100004196167,14.59000015258789,33429500.0,14.135257720947266
2016-06-27,14.420000076293945,13.119999885559082,14.300000190734863,13.65999984741211,23889600.0,13.234244346618652
2016-06-28,14.829999923706055,14.170000076293945,14.279999732971191,14.779999732971191,19105300.0,14.319336891174316
2016-06-29,15.449999809265137,14.84000015258789,15.020000457763672,15.140000343322754,24163800.0,14.668115615844727
2016-06-30,15.149999618530273,14.760000228881836,15.020000457763672,15.010000228881836,15331700.0,14.542169570922852
2016-07-01,15.84000015258789,14.850000381469727,14.880000114440918,15.680000305175781,19890800.0,15.191286087036133
2016-07-05,15.449999809265137,14.449999809265137,15.210000038146973,14.720000267028809,21129200.0,14.26120662689209
2016-07-06,15.0,14.430000305175781,14.5600004196167,14.84000015258789,15754800.0,14.377466201782227
2016-07-07,15.399999618530273,14.5600004196167,15.199999809265137,14.739999771118164,18749200.0,14.280582427978516
2016-07-08,15.170000076293945,14.680000305175781,15.0600004196167,14.920000076293945,17321300.0,14.454971313476562
2016-07-11,15.140000343322754,14.65999984741211,15.0,14.6899995803833,12502900.0,14.232141494750977
2016-07-12,15.729999542236328,15.010000228881836,15.029999732971191,15.600000381469727,21959700.0,15.113778114318848
2016-07-13,15.739999771118164,15.130000114440918,15.4399995803833,15.289999961853027,22648400.0,14.813440322875977
2016-07-14,15.760000228881836,15.210000038146973,15.550000190734863,15.270000457763672,12174900.0,14.794062614440918
2016-07-15,15.510000228881836,15.100000381469727,15.40999984741211,15.210000038146973,15297900.0,14.735932350158691
2016-07-18,15.210000038146973,14.729999542236328,15.039999961853027,15.180000305175781,14617600.0,14.706869125366211
2016-07-19,15.130000114440918,14.649999618530273,15.0600004196167,14.75,12830500.0,14.290271759033203
2016-07-20,14.9399995803833,14.140000343322754,14.619999885559082,14.84000015258789,17544800.0,14.377466201782227
2016-07-21,15.079999923706055,14.369999885559082,14.800000190734863,14.420000076293945,18026500.0,13.97055721282959
2016-07-22,14.520000457763672,14.029999732971191,14.489999771118164,14.109999656677246,19805400.0,13.670217514038086
2016-07-25,14.0600004196167,13.5,13.9399995803833,13.579999923706055,17377400.0,13.15673542022705
2016-07-26,13.829999923706055,13.40999984741211,13.489999771118164,13.779999732971191,14112600.0,13.350504875183105
2016-07-27,14.09000015258789,13.0600004196167,13.890000343322754,13.130000114440918,22684900.0,12.720763206481934
2016-07-28,13.449999809265137,13.079999923706055,13.1899995803833,13.350000381469727,16668900.0,12.933905601501465
2016-07-29,13.739999771118164,13.109999656677246,13.210000038146973,13.640000343322754,13855600.0,13.21486759185791
2016-08-01,13.430000305175781,12.84000015258789,13.420000076293945,12.920000076293945,20926700.0,12.51731014251709
2016-08-02,13.229999542236328,12.470000267028809,13.119999885559082,12.899999618530273,17163600.0,12.497930526733398
2016-08-03,13.420000076293945,12.670000076293945,12.970000267028809,13.420000076293945,17171100.0,13.001724243164062
2016-08-04,13.899999618530273,13.050000190734863,13.600000381469727,13.40999984741211,24426400.0,12.992035865783691
2016-08-05,13.9399995803833,13.300000190734863,13.470000267028809,13.869999885559082,16909700.0,13.437700271606445
2016-08-08,14.680000305175781,14.100000381469727,14.100000381469727,14.25,18392000.0,13.805854797363281
2016-08-09,14.520000457763672,14.220000267028809,14.350000381469727,14.420000076293945,15450800.0,13.97055721282959
2016-08-10,14.59000015258789,13.949999809265137,14.479999542236328,13.979999542236328,13540000.0,13.544270515441895
2016-08-11,14.630000114440918,14.010000228881836,14.149999618530273,14.449999809265137,13002700.0,13.999622344970703
2016-08-12,14.920000076293945,14.550000190734863,14.600000381469727,14.720000267028809,13455700.0,14.26120662689209
2016-08-15,15.0600004196167,14.779999732971191,14.9399995803833,14.899999618530273,12045700.0,14.484797477722168
2016-08-16,15.25,14.710000038146973,15.119999885559082,15.170000076293945,18354900.0,14.747274398803711
2016-08-17,15.75,14.930000305175781,15.069999694824219,15.699999809265137,20862600.0,15.262504577636719
2016-08-18,16.729999542236328,15.800000190734863,15.869999885559082,16.68000030517578,26906000.0,16.215194702148438
2016-08-19,16.850000381469727,16.479999542236328,16.520000457763672,16.799999237060547,16932800.0,16.33185386657715
2016-08-22,16.25,15.449999809265137,16.200000762939453,15.640000343322754,26338000.0,15.20417594909668
2016-08-23,16.549999237060547,15.670000076293945,15.729999542236328,16.43000030517578,29790900.0,15.972163200378418
2016-08-24,16.530000686645508,15.970000267028809,16.34000015258789,16.059999465942383,16495700.0,15.612471580505371
2016-08-25,16.280000686645508,15.90999984741211,16.020000457763672,16.010000228881836,11531900.0,15.563865661621094
2016-08-26,16.31999969482422,15.75,16.06999969482422,15.949999809265137,15538800.0,15.505537033081055
2016-08-29,16.079999923706055,15.729999542236328,15.84000015258789,15.989999771118164,9849800.0,15.544422149658203
2016-08-30,16.15999984741211,15.420000076293945,15.989999771118164,15.550000190734863,15529300.0,15.116684913635254
2016-08-31,15.510000228881836,14.920000076293945,15.399999618530273,15.020000457763672,17317200.0,14.60145378112793
2016-09-01,15.260000228881836,14.819999694824219,14.960000038146973,15.109999656677246,14881800.0,14.688945770263672
2016-09-02,15.6899995803833,15.350000381469727,15.369999885559082,15.489999771118164,12584600.0,15.058355331420898
2016-09-06,15.710000038146973,15.279999732971191,15.569999694824219,15.640000343322754,10021700.0,15.20417594909668
2016-09-07,15.930000305175781,15.470000267028809,15.800000190734863,15.6899995803833,12819100.0,15.252782821655273
2016-09-08,16.899999618530273,15.770000457763672,15.890000343322754,16.739999771118164,26192300.0,16.273523330688477
2016-09-09,16.610000610351562,15.670000076293945,16.440000534057617,15.670000076293945,17156500.0,15.2333402633667
2016-09-12,15.739999771118164,15.069999694824219,15.399999618530273,15.470000267028809,18951200.0,15.03891372680664
2016-09-13,15.100000381469727,14.229999542236328,15.09000015258789,14.34000015258789,28846500.0,13.940402030944824
2016-09-14,14.579999923706055,13.949999809265137,14.300000190734863,14.010000228881836,18840400.0,13.619597434997559
2016-09-15,14.5,14.079999923706055,14.119999885559082,14.260000228881836,12191200.0,13.862630844116211
2016-09-16,14.279999732971191,13.899999618530273,13.949999809265137,14.239999771118164,12956500.0,13.843188285827637
2016-09-19,14.630000114440918,14.079999923706055,14.5,14.09000015258789,12850600.0,13.697368621826172
2016-09-20,14.3100004196167,13.800000190734863,14.020000457763672,13.869999885559082,15967200.0,13.483500480651855
2016-09-21,14.680000305175781,14.069999694824219,14.109999656677246,14.649999618530273,18859300.0,14.241764068603516
2016-09-22,15.229999542236328,14.739999771118164,14.800000190734863,14.869999885559082,17035300.0,14.455633163452148
2016-09-23,15.100000381469727,14.260000228881836,14.710000038146973,14.489999771118164,22031500.0,14.086221694946289
2016-09-26,14.850000381469727,14.380000114440918,14.550000190734863,14.40999984741211,11913000.0,14.008452415466309
2016-09-27,14.220000267028809,13.899999618530273,14.15999984741211,14.0600004196167,16028700.0,13.668204307556152
2016-09-28,15.239999771118164,13.84000015258789,14.210000038146973,15.180000305175781,30979900.0,14.756994247436523
2016-09-29,16.25,15.279999732971191,15.279999732971191,15.899999618530273,34965500.0,15.456930160522461
2016-09-30,16.15999984741211,15.760000228881836,15.949999809265137,15.8100004196167,19307900.0,15.369440078735352
2016-10-03,16.09000015258789,15.609999656677246,15.890000343322754,15.979999542236328,10465300.0,15.534700393676758
2016-10-04,16.139999389648438,15.520000457763672,16.020000457763672,15.630000114440918,13750500.0,15.194456100463867
2016-10-05,16.399999618530273,15.869999885559082,15.930000305175781,16.1200008392334,17660800.0,15.670801162719727
2016-10-06,16.34000015258789,15.819999694824219,16.270000457763672,16.079999923706055,13514900.0,15.631914138793945
2016-10-07,16.18000030517578,15.5,16.110000610351562,15.5600004196167,16881100.0,15.126405715942383
2016-10-10,15.949999809265137,15.609999656677246,15.84000015258789,15.720000267028809,10486800.0,15.28194808959961
2016-10-11,15.649999618530273,14.920000076293945,15.600000381469727,15.079999923706055,15994700.0,14.659782409667969
2016-10-12,15.0600004196167,14.779999732971191,15.0,14.9399995803833,11786000.0,14.523681640625
2016-10-13,14.930000305175781,14.520000457763672,14.770000457763672,14.779999732971191,12611400.0,14.36814022064209
2016-10-14,14.9399995803833,14.539999961853027,14.869999885559082,14.579999923706055,11115800.0,14.173713684082031
2016-10-17,14.5600004196167,14.029999732971191,14.390000343322754,14.180000305175781,13373600.0,13.784859657287598
2016-10-18,14.420000076293945,14.010000228881836,14.399999618530273,14.199999809265137,15663000.0,13.804304122924805
2016-10-19,14.859999656677246,14.3100004196167,14.350000381469727,14.649999618530273,15798500.0,14.241764068603516
2016-10-20,14.699999809265137,14.270000457763672,14.470000267028809,14.699999809265137,12850500.0,14.290369987487793
2016-10-21,14.75,14.5,14.569999694824219,14.640000343322754,8355000.0,14.232041358947754
2016-10-24,14.770000457763672,14.260000228881836,14.59000015258789,14.59000015258789,10074900.0,14.183435440063477
2016-10-25,14.649999618530273,14.149999618530273,14.449999809265137,14.180000305175781,9830500.0,13.784859657287598
2016-10-26,14.390000343322754,13.899999618530273,13.989999771118164,14.25,13519800.0,13.852910995483398
2016-10-27,14.399999618530273,13.880000114440918,14.350000381469727,13.949999809265137,18435300.0,13.561269760131836
2016-10-28,14.229999542236328,13.649999618530273,13.880000114440918,13.720000267028809,19045800.0,13.337679862976074
2016-10-31,13.680000305175781,13.140000343322754,13.649999618530273,13.180000305175781,16153800.0,12.812727928161621
2016-11-01,13.529999732971191,12.869999885559082,13.369999885559082,13.270000457763672,16540200.0,12.90021800994873
2016-11-02,13.100000381469727,12.359999656677246,13.0600004196167,12.779999732971191,26197400.0,12.423871994018555
2016-11-03,14.760000228881836,13.710000038146973,13.770000457763672,14.149999618530273,38327500.0,13.755695343017578
2016-11-04,14.199999809265137,13.65999984741211,13.90999984741211,13.6899995803833,29039600.0,13.308513641357422
2016-11-07,14.260000228881836,13.920000076293945,14.100000381469727,14.149999618530273,16077000.0,13.755695343017578
2016-11-08,14.369999885559082,13.979999542236328,14.029999732971191,14.25,11005200.0,13.852910995483398
2016-11-09,15.069999694824219,14.180000305175781,14.180000305175781,14.880000114440918,22354100.0,14.465354919433594
2016-11-10,15.229999542236328,14.630000114440918,14.729999542236328,15.140000343322754,19249900.0,14.718110084533691
2016-11-11,15.069999694824219,14.369999885559082,14.9399995803833,14.890000343322754,13642100.0,14.475076675415039
2016-11-14,15.0,14.449999809265137,14.699999809265137,14.930000305175781,15096300.0,14.56286334991455
2016-11-15,15.850000381469727,15.149999618530273,15.239999771118164,15.699999809265137,20432700.0,15.31392765045166
2016-11-16,15.930000305175781,15.350000381469727,15.550000190734863,15.5600004196167,16461500.0,15.177370071411133
2016-11-17,16.06999969482422,15.4399995803833,15.800000190734863,15.460000038146973,17795700.0,15.079828262329102
2016-11-18,15.829999923706055,15.489999771118164,15.520000457763672,15.619999885559082,13993800.0,15.235895156860352
2016-11-21,16.579999923706055,16.040000915527344,16.079999923706055,16.479999542236328,19714300.0,16.074745178222656
2016-11-22,16.729999542236328,16.010000228881836,16.40999984741211,16.549999237060547,17922600.0,16.14302635192871
2016-11-23,16.799999237060547,16.290000915527344,16.3700008392334,16.780000686645508,11208800.0,16.36737060546875
2016-11-25,16.6299991607666,16.139999389648438,16.6299991607666,16.280000686645508,7921600.0,15.87966537475586
2016-11-28,16.579999923706055,15.510000228881836,16.549999237060547,15.539999961853027,20131700.0,15.157862663269043
2016-11-29,15.15999984741211,14.710000038146973,15.140000343322754,14.949999809265137,20300500.0,14.58237075805664
2016-11-30,18.549999237060547,16.3799991607666,16.3799991607666,18.059999465942383,74592400.0,17.61589241027832
2016-12-01,19.139999389648438,17.579999923706055,19.1200008392334,17.889999389648438,36112900.0,17.4500732421875
2016-12-02,18.389999389648438,17.84000015258789,17.84000015258789,18.200000762939453,16678700.0,17.75244903564453
2016-12-05,18.729999542236328,18.290000915527344,18.549999237060547,18.389999389648438,14032100.0,17.93777847290039
2016-12-06,18.6200008392334,17.93000030517578,18.1200008392334,18.350000381469727,13954500.0,17.89876365661621
2016-12-07,18.489999771118164,18.09000015258789,18.209999084472656,18.420000076293945,14177800.0,17.967037200927734
2016-12-08,18.59000015258789,18.170000076293945,18.5,18.3799991607666,14506400.0,17.92802619934082
2016-12-09,18.579999923706055,18.079999923706055,18.559999465942383,18.25,10999700.0,17.80122184753418
2016-12-12,19.280000686645508,18.479999542236328,19.149999618530273,18.489999771118164,21518400.0,18.035320281982422
2016-12-13,19.0,18.329999923706055,18.809999465942383,18.799999237060547,18022900.0,18.337697982788086
2016-12-14,18.950000762939453,18.15999984741211,18.59000015258789,18.200000762939453,21319000.0,17.75244903564453
2016-12-15,18.59000015258789,17.559999465942383,17.860000610351562,18.239999771118164,18064000.0,17.791465759277344
2016-12-16,19.020000457763672,18.219999313354492,18.34000015258789,18.59000015258789,20430000.0,18.132862091064453
2016-12-19,18.700000762939453,18.299999237060547,18.649999618530273,18.510000228881836,10731700.0,18.054828643798828
2016-12-20,18.790000915527344,18.239999771118164,18.610000610351562,18.309999465942383,10116000.0,17.859743118286133
2016-12-21,18.59000015258789,18.049999237060547,18.559999465942383,18.079999923706055,8167300.0,17.635404586791992
2016-12-22,18.350000381469727,18.0,18.1200008392334,18.040000915527344,9169500.0,17.59638786315918
2016-12-23,18.200000762939453,17.940000534057617,17.979999542236328,18.059999465942383,7604100.0,17.61589241027832
2016-12-27,18.200000762939453,18.0,18.100000381469727,18.139999389648438,5384100.0,17.693927764892578
2016-12-28,18.290000915527344,17.84000015258789,18.110000610351562,17.850000381469727,8333800.0,17.41105842590332
2016-12-29,17.829999923706055,17.440000534057617,17.780000686645508,17.56999969482422,6949200.0,17.137941360473633
2016-12-30,17.81999969482422,17.209999084472656,17.56999969482422,17.309999465942383,7920500.0,16.884334564208984
